track_point_time 90.8862 7.09752 2814
100
100
100
100
100
100
100
100
100
100
99.3333
100
100
100
100
100
100
100
100
100
100
99.3333
100
98.6667
100
97.3333
98
98.6667
92.6667
92.6667
95.3333
98
98.6667
100
99.3333
94
85.3333
87.3333
91.3333
91.3333
88.6667
94.6667
98
100
98.6667
98.6667
92
80
85.3333
89.3333
94
86.6667
90
97.3333
98.6667
100
97.3333
98.6667
93.3333
84.6667
89.3333
92.6667
92.6667
99.3333
97.3333
97.3333
91.3333
94
92
94.6667
86.6667
88.6667
90
86.6667
94.6667
90.6667
94.6667
97.3333
96.6667
94
93.3333
90
93.3333
92.6667
96
94
90
94.6667
95.3333
89.3333
92.6667
94.6667
91.3333
91.3333
97.3333
93.3333
86
94.6667
96
94.6667
92.6667
94.6667
93.3333
89.3333
89.3333
90.6667
98.6667
99.3333
98.6667
100
92.6667
91.3333
90.6667
91.3333
89.3333
90.6667
98.6667
96.6667
92.6667
96
90.6667
87.3333
84.6667
87.3333
96
94.6667
92
98.6667
92
80.6667
72
72
80
66
72
63.3333
65.3333
65.3333
58.6667
62
75.3333
76
79.3333
88.3721
90
93.3333
84
92
96
85.3333
83.3333
78.6667
82.6667
85.3333
90.6667
80.6667
86
76.6667
74
82.6667
74
70.6667
82.6667
87.3333
89.3333
82
78.6667
82
86
85.3333
91.3333
86
88.6667
82.6667
84.6667
85.3333
89.3333
95.3333
87.3333
88
94
88
79.3333
81.3333
81.3333
84
86.6667
79.3333
83.3333
88.6667
88
89.3333
86
82
81.3333
85.3333
83.3333
77.3333
79.3333
84.6667
79.3333
78
80
82.6667
76.6667
63.3333
72
70
84.6667
66
62.6667
80.6667
85.3333
78.6667
81.3333
77.3333
92
87.3333
95.3333
28
81.3333
89.3333
87.3333
87.3333
85.3333
78.6667
83.3333
87.3333
96.6667
86.6667
93.3333
88
86
79.3333
84.6667
83.3333
75.3333
79.3333
80.6667
90.6667
95.3333
92.6667
78
90
92
91.3333
92.6667
88
86
90
87.3333
96.6667
93.3333
94
95.3333
96.6667
98.6667
95.3333
93.3333
95.3333
96.6667
94.6667
96.6667
94
91.3333
96.6667
96
94.6667
88
92
87.3333
98
97.3333
97.3333
88.6667
90
91.3333
95.3333
97.3333
94
90
95.3333
92.6667
90
80.6667
86.6667
82.6667
91.3333
88
86.6667
88
92
82.6667
79.3333
86.6667
86.6667
75.8865
86
86.6667
80.6667
81.3333
92.6667
96
92.6667
89.3333
92
88
84
77.3333
80.6667
90
84.6667
85.3333
86
94
93.3333
98
93.3333
92.6667
92.6667
84
94
91.3333
84
90
89.3333
88
96.6667
96
87.3333
90.6667
92
88
81.3333
97.3333
93.3333
97.3333
95.3333
90
92.6667
96
90.6667
86.6667
90.6667
88.6667
90.6667
94
95.3333
98.6667
86
84
91.3333
95.3333
96
90
83.3333
84.6667
78.6667
83.4483
90.8397
87.3333
89.3333
91.3333
94
92.6667
92
93.3333
92
92.6667
90.6667
86.6667
92
92.6667
87.3333
95.3333
86.6667
80.6667
79.3333
82.6667
78
72
69.3333
79.1367
81.4159
74
63.0872
68
86.6667
93.2432
87.7551
94.6667
94
86
90
89.313
93.3333
93.3333
96.5517
94.4444
92
96.6667
96.2121
95.098
96.063
89.8305
98.8372
93.4426
96.2025
89.6226
89.3333
91.3333
93.662
92.6667
91.6667
91.3333
98.6577
96.4286
91.791
90.411
100
92.3077
97.1429
88.0597
84.4828
81.8182
80
91.8033
83.0508
74.5763
75.3846
81.8182
74.0741
68.4211
47.8261
63.3333
62.766
59
79.8077
83.8462
77.6786
77.3333
84
85.3333
57.6389
92.4528
95.6522
92
95.3333
95.3333
87.3333
90
88
82.6667
84.6667
82.6667
94
89.3333
81.3333
80.6667
79.3333
78.6667
76.6667
86.6667
89.3333
91.3333
97.2973
97.3333
93.3333
93.3333
90.6667
96
98.6667
96.5035
90.6667
92.6667
97.3333
98.6667
90
94
93.75
95.3333
92.6667
96.6667
92
89.3333
85.3333
89.3333
95.3333
97.2973
94.6667
96
94.6667
97.3333
96.6667
88
86.6667
96.6667
98.6667
98.6667
95.3333
96
94
94
88
92
90
83.3333
93.5252
92.6667
93.3333
90.6667
86.6667
89.3333
86
80
90
92.6667
82.6667
91.3333
84.6667
80.6667
71.3333
74
84.6667
91.1765
91.3333
87.5
98.6667
97.2414
98.2143
96.6667
93.578
92.9825
96.1538
95.7983
92.6667
91.3333
82.6389
93.1973
94.3662
88.4058
95.3333
95.3333
94
99.3333
96.6667
98
96.6667
91.3333
85.3333
95.3333
92.6667
89.3333
84.6667
86.6667
94
97.3333
96.8992
94.6667
84
97.6744
88
94
97.3333
90
92.6667
89.3333
91.3333
86
92.6667
92.6667
84
88
82.6667
93.3333
92.6667
96
97.3333
98
95.3333
91.3333
96.6667
98
98.6667
98.6667
96.6667
97.2789
99.2647
100
99.3333
97.3333
97.3333
100
98
96
99.3333
94
96
97.3333
94.6667
94
88.6667
92.6667
98.6667
99.3333
97.3333
99.3333
98
94
98.6667
94.6667
94.6667
96
98
96.6667
92.6667
98
94.6667
98
97.3333
96.6667
96
91.3333
93.3333
93.3333
90.6667
90.6667
90.6667
80.6667
95.3333
98
95.3333
93.3333
84.6667
91.3333
93.3333
94.6667
93.3333
92
94
96.6667
92
96.6667
96
90
90
93.3333
94
96
89.3333
94
95.3333
95.3333
94
82.6667
94
94.6667
92
88.6667
93.3333
90
94.6667
94.6667
94
96
92.6667
92.6667
92
94
90
92.6667
91.3333
94.6667
95.3333
94.6667
96
93.3333
96
96.6667
95.3333
93.3333
88.6667
91.3333
92.6667
97.3333
96
85.3333
90.6667
88
88.6667
89.3333
94
92
90.6667
91.3333
92.6667
90.6667
85.3333
90
92
88
94
89.3333
95.3333
90
94.6667
95.3333
94.6667
91.3333
96
92
88
92.6667
97.3333
94.6667
86.6667
92.6667
78.6667
85.3333
96
93.3333
86
90.6667
87.3333
88.6667
88.6667
82
88.6667
90
82.6667
84
82.6667
92
93.3333
90
78
83.3333
91.3333
85.3333
85.3333
84
88.6667
86.6667
89.3333
91.3333
88
90
90.6667
93.3333
90.6667
87.3333
92
98
97.3333
94.6667
92.6667
93.3333
93.3333
94
90
90
98
96.6667
96.6667
96.6667
96.6667
96
96.6667
95.3333
97.3333
93.3333
89.3333
85.3333
85.3333
86
90.6667
88.6667
85.3333
85.3333
92
96
95.3333
94
98
96.6667
95.3333
97.3333
96.6667
95.3333
96.6667
92.6667
98.6667
91.3333
89.3333
96.6667
96.6667
97.3333
89.3333
86
90
90
87.3333
87.3333
93.3333
91.3333
88
92.6667
90.6667
86.6667
90.6667
90.6667
95.3333
96.6667
86.6667
91.3333
94
94
91.3333
88
88.6667
88.6667
93.3333
90
78
83.3333
82
73.3333
90
90.2256
85.3333
90
87.3333
82
92
86.6667
87.3333
83.3333
92
84
93.3333
91.3333
94.6667
84
96.6667
96.6667
90.6667
91.3333
94.6667
94
89.3333
96.6667
98.6667
96
97.3333
98
98
94
94
88.6667
97.3333
95.3333
92.6667
97.3333
97.3333
98
98.6667
96
98
90.6667
98
93.3333
88
92
92
92.6667
95.3333
90.6667
88
91.3333
94
92
94
94
92.6667
96.6667
94.6667
92
94.6667
100
98
96
88
92.6667
92
88
96
94
91.3333
91.3333
95.3333
97.3333
96
95.3333
94.6667
90
95.3333
94.6667
95.3333
92.6667
98.6667
96
88
92
94
86
84.6667
80.6667
74.6667
85.3333
85.3333
82
79.3333
76.6667
82
82.4561
76.5625
68.2243
78.3582
84.4961
87.5
90
93.4579
96.9697
95.3333
89.3333
92
90.6667
94.6667
88
96
97.3333
95.3333
95.3333
95.3333
97.3333
98.6667
99.3333
98
99.3333
96.6667
97.3333
95.3333
98.6667
98.6667
98.6667
96.6667
99.3333
98.6667
99.3333
96
98
100
99.3333
96
98
99.3333
100
98
100
98.6667
99.3333
96.6667
99.3333
98.6667
100
98.6667
95.3333
97.3333
99.3333
99.3333
99.3333
98.6667
100
93.3333
99.3333
100
100
96
92.6667
90.6667
90.6667
94
92.6667
91.3333
88
90
81.3333
76
69.3333
68
70
78.4722
81.3333
93.617
98.6667
90.6667
94.6667
94.6667
94
96.6667
96.6667
96.6667
96
96
89.3333
88
94
96
95.3333
91.3333
96
96
96.6667
91.3333
89.3333
90
91.3333
88
87.7698
89.1156
95.3333
87.3333
91.1765
95
82.6667
91.6667
92.4242
93.3333
94
94.7761
91.0345
89.9281
94.0299
95.2381
87.395
92.5676
91.1111
94.8905
92
91.3333
96.6443
93.4307
97.0588
90.7143
86.1111
92.6667
93.4783
86.6667
92
90.6667
86.5546
90.0901
93.7931
94
99.3151
97.3333
96.9466
98.4496
97.2789
98.6667
100
97.3333
94
96
100
96
97.3333
95.3333
95.3333
96
96.6667
97.3333
92.6667
92.6667
96.6667
95.3333
95.3333
96.6667
100
97.3333
97.3333
98.6667
97.3333
94.6667
96.6667
96.6667
88.6667
86.6667
93.3333
83.3333
77.3333
94
94.6667
94.6667
78
82.6667
93.3333
88.6525
89.2857
95.3333
87.3134
97.3333
94.6667
96.6667
97.3333
93.3333
84.6667
89.726
89.3333
88.6364
88.6667
99.2537
96.6667
90
88.0597
88.6667
80.6667
80
92
89.3333
84.6667
86.6667
88.6667
90
84.6667
86.6667
89.3333
93.3333
96
96.6667
91.3333
94
94.6667
92
94.6667
98.6667
98
96.6667
97.3333
90.6667
91.3333
93.3333
93.3333
89.3333
88.6667
98.6667
93.3333
91.3333
92.6667
92
95.3333
91.3333
93.3333
96.6667
89.3333
95.3333
98.6667
96
94
94.6667
95.3333
93.3333
94
96
96.6667
96.6667
98.6667
94.6667
97.3333
93.3333
93.3333
94.6667
92
96.6667
94
97.3333
97.3333
96.6667
98
88
92.6667
94
93.3333
88
86
88
90
91.3333
88
91.3333
88
78
82
84.6667
91.3333
91.3333
97.3333
96
88.6667
88.6667
92.6667
94
96
98
95.3333
92
95.3333
96.6667
94.6667
96.6667
89.3333
86.6667
93.3333
94.6667
95.3333
92.6667
97.3333
99.3333
96.6667
94.6667
90.6667
91.3333
94
90
90.6667
90.6667
95.3333
88
90
97.3333
90.6667
85.3333
83.3333
90.6667
86
93.3333
95.3333
98
95.3333
89.3333
84.6667
78
75.3333
62
51.3333
50
56
58.6667
72.6667
76.6667
83.3333
88.6667
97.3333
91.3333
92
89.3333
90.6667
90
79.3333
88
76
81.3333
88.0282
90
93.3333
93.3333
88.6667
84
87.3333
91.3333
89.3333
95.3333
92
92.6667
92.6667
95.3333
96.6667
98
96
97.3333
95.3333
98
96.6667
96
95.3333
93.3333
89.3333
94
96
98.6667
97.3333
94
96
97.3333
100
94
92
93.3333
95.3333
94.6667
92
89.3333
90.6667
93.3333
92.6667
87.3333
88
96.6667
96
96
93.3333
90.6667
88.6667
93.3333
92.6667
90.6667
86.6667
93.3333
96
92.6667
89.3333
90.6667
92
89.3333
90.6667
90
90.6667
79.3333
86.6667
87.3333
89.3333
83.3333
88.6667
84.6667
88.6667
81.3333
83.3333
78
74.6667
76
84.6667
89.7436
88.7218
91.2698
95.7265
90
87.3333
91.3333
56
82.6667
88.6525
92.8058
98.4848
93.1818
94.6565
98
98
94
98.3333
98.1481
94.6667
86.8217
90.5109
92.3611
88.6792
94.6667
95.3333
96.6667
90.6667
92.1986
92
78.6667
82
78.6667
88.4615
92.623
85.9649
93.0769
86
91.3793
91.4894
92
86.6667
90.9091
94
93.2203
89.5833
92.6667
93.1507
95.1049
86
92.6667
87.0748
92.6667
91.3333
90.6667
90.4762
93.3333
90.8333
89.6552
90
90
92.6667
95.2381
98
100
96
91.8367
89.3333
97.619
96.8085
95.3333
95.1389
96.1538
96.1165
92.7419
91.3333
92.7928
93.1818
95.7895
94.1606
91.954
93.1034
94.2623
93.3333
86.9863
86.3636
91.9192
96.8421
95.1613
86.8421
88.8889
78.3505
80.5085
80.6667
76
81.5603
91.3333
83.8926
87.3333
93.3333
89.3333
80.6667
78.6667
86.5079
90.1515
98.5401
97.8417
93.3333
92.6667
88.6667
78
75.3333
75.3333
73.3333
65.3333
54.6667
66.6667
92.6667
94
93.75
91.8367
93.3884
85.9813
91.0714
85.8407
93.6937
98.9474
92.7273
94
93.3333
86.6667
83.3333
75.3333
76
66.6667
71.3333
60
59.633
69.3333
70.6667
74
92.6829
94.5946
95.6522
95.4545
90.1408
87.3333
90.2913
96.6667
88.6667
88.6667
89.3333
95.3333
97.2789
97.3333
92.6667
94
98
98.6667
92.6667
94
92.6667
94.6667
98.4127
96
92.6667
93.3333
93.3333
98.6667
98
93.2203
93.75
97.3333
93.5185
92
88.6179
92.7835
93.2432
91.3333
94
97.4684
95.8904
87.3333
91.6667
97.8022
93.3333
90.6667
88
98
92.6667
94.2446
90.6667
91.6667
92.437
96.8254
95.7627
98.2143
87.7863
97.3214
92.6471
95.1049
90.6667
90
98.4252
98.6667
92
93.3333
92.6667
86.6667
91.3333
98
94.6667
92
92
92.6667
96
96.6667
93.3333
89.3333
91.3333
92
94
93.3333
97.3333
100
100
99.3333
99.3333
96.6667
96
98
97.3333
96.6667
99.3333
98.6667
96
97.3333
95.3333
97.3333
96.6667
98
96
92
92
92
90
95.3333
83.3333
90
88
86.6667
90
94
92
94
94
96
92.6667
95.3333
90.6667
88
92.6667
94.6667
96.6667
95.3333
95.3333
94
96.6667
92.6667
91.3333
96
94.6667
94.6667
98
93.3333
96
92.6667
91.3333
90
94.6667
90.6667
96.6667
94
91.3333
99.3333
100
99.3333
94
86.6667
87.3333
85.3333
84
86
86.6667
88.6667
88.6667
86
95.3333
95.3333
94.6667
94.6667
90.6667
92.6667
90.6667
91.3333
80.6667
86
96
87.3333
88
89.2857
98
94
98
96.6667
96
96
92.6667
94.6667
94.6667
90.6667
93.3333
95.3333
96
88
92
94
92.6667
98.6667
98
96
94.6667
97.3333
97.3333
92
95.3333
93.3333
90.6667
92
96
97.3333
98
96
99.3333
95.3333
98
94.6667
91.3333
92.6667
96.6667
98.6667
93.3333
93.3333
93.3333
96
93.3333
89.3333
89.3333
92.6667
90
96
97.3333
92
91.3333
92.6667
92
92.6667
92.6667
86.6667
89.3333
95.3333
94
93.3333
84
89.3333
96.6667
89.3333
82.6667
87.3333
87.3333
84.6667
90.6667
88
82
81.3333
96
92.6667
93.3333
88.6667
86.6667
91.3333
90
88
86.6667
90
84
83.9416
81.9672
85.3333
84.6667
83.3333
91.0959
84.6667
85.3333
90.6667
91.3333
88
94.6667
96.6667
92
93.3333
96
98
98
96.6667
94
89.3333
93.3333
96.6667
89.3333
94
86
84.6667
96
97.3333
93.3333
93.3333
98.6667
99.3333
94
91.3333
85.3333
98
92.6667
95.3333
94
94.6667
96
97.3333
95.3333
95.3333
90.6667
88
92
92.6667
86
82
96
96.6667
91.3333
90
96.6667
97.3333
94.6667
84.6667
76.6667
71.3333
83.3333
91.3333
83.3333
80.6667
68.6667
76.6667
70
62
61.3333
63.3333
67.8082
72
66.6667
74
76
89.8551
87.4074
87.3333
96
92.6667
95.3333
90
90
91.3333
92
91.3333
90.6667
90.6667
93.3333
87.3333
89.3333
86.6667
90
87.3333
88
96.4286
90.411
92.6667
92.6667
94
92
90.6667
92
94
97.3333
98.6667
91.3333
89.3333
96
92.6667
90
88.6667
86.6667
94
96
98.6667
95.3333
92.6667
94.6667
100
95.3333
94.6667
93.3333
94
92.6667
96
94.6667
88.6667
93.3333
97.3333
90.6667
92
91.3333
90
91.3333
94.6667
88.6667
93.3333
94.6667
94
90.6667
94
94
85.3333
92.6667
94
94
91.3333
92.6667
88
88.6667
89.3333
91.3333
88
80
94.6667
91.3333
83.3333
81.25
80.6667
98.3871
93.4307
96.6667
96.6667
93.3333
93.3333
94
86
87.3333
87.3333
83.3333
83.3333
88
86.6667
87.3333
90
94.6667
90
94.6667
96.6667
95.3333
93.3333
91.3333
88
90
91.3333
94
94.6667
96.6667
96
93.3333
94.6667
94.6667
91.3333
92
92.6667
94
94.6667
92.6667
88.6667
94
95.3333
94.6667
96.6667
89.3333
94.6667
94
92.6667
95.3333
92.6667
96
95.3333
88.6667
95.3333
95.3333
98
97.3333
98
94
93.3333
92.6667
96
95.3333
90.6667
88.6667
89.3333
95.3333
94
89.3333
88.6667
84
97.3333
86
85.3333
80.6667
81.3333
94.6667
90
93.2886
92.6667
91.5493
89.3333
93.3333
94.5736
93.3333
97.0588
96.2121
94.6154
95.6204
96.6667
90.6667
95.3333
96
89.3333
86
88
77.7778
84.7222
95.8333
97.3333
92.6667
96
98
93.3333
92.9078
90.6667
87.3333
83.3333
93.3333
96.6667
96.6667
93.3333
93.3333
96
93.3333
91.3333
79.3333
97.3333
90.6667
98.6667
98
98
96.6667
96
94.6667
94.6667
90.6667
96
94.6667
97.3333
96
92
100
96.6667
94.6667
86
92
88.6667
94
95.3333
92.6667
93.3333
95.3333
94
94
96
86.6667
84
94.6667
96
92
94.6667
96
95.3333
94.6667
95.3333
92
96
96.6667
97.3333
96.6667
95.3333
86.6667
93.3333
94
88
93.3333
90
90
88.6667
82.6667
78.6667
81.3333
79.3333
94.6667
96
92
90
84
77.3333
89.3333
90.6667
90.6667
88.6667
94.6667
95.3333
96.6667
97.3333
90
89.3333
96.6667
94.6667
94
92.6667
90
94
96.6667
96.6667
94
95.3333
88.6667
94
89.3333
89.3333
87.3333
85.3333
90
94
92
92.6667
94.6667
94.6667
94
83.3333
80
97.3333
92.6667
98
87.3333
86.6667
90.6667
92
92
84
94
96
89.3333
98.6667
96
96
96.6667
88.6667
95.3333
97.3333
92.6667
85.3333
88.6667
88.6667
86.6667
93.3333
91.3333
91.3333
94
95.3333
92.6667
91.3333
92
96
96.6667
92
92.6667
93.3333
95.3333
95.3333
96.6667
96.6667
94.6667
90.6667
95.3333
98.6667
92.6667
94.6667
94
92
92.6667
92
92.6667
97.3333
94
95.3333
99.3333
96.6667
94.6667
92
98
95.3333
93.3333
93.3333
89.3333
94
96.6667
93.3333
92.6667
88.6667
88.6667
88
92.6667
88.6667
87.3333
88
93.3333
93.3333
91.3333
86
88.6667
98
92.6667
79.3333
81.3333
80.6667
83.3333
81.8792
95.7447
89.3333
90
94
98
96
90.6667
89.3333
82.6667
95.3333
95.3333
92.6667
90.6667
90
91.3333
92
92.6667
90.6667
87.3333
92
92
84.6667
96
91.3333
84
85.3333
87.3333
82
81.3333
83.3333
75.3333
90
81.1475
91.8919
99.0654
99.0385
100
96.7213
94.6903
97.1429
100
100
99.0566
96.2617
92.6667
97.0149
97.6923
95.4545
96.1538
93.3333
99.2958
97.1014
94
94
88.6667
90.6667
90.6667
97.3333
89.3333
77.3333
89.6552
87.7551
90
91.3333
88
84.6667
88
90.6667
85.3333
85.3333
96
88.6667
90.6667
93.2432
89.3333
90.6667
93.5252
81.6901
86
88.0282
93.7931
94.6667
96.5278
97.3333
93.1818
97.3333
97.3333
94.6667
87.3239
90.6667
94.6667
96
95.3333
92
88
80.6667
96.6667
98.6667
98.6667
90
95.3333
94.6667
88
94.6667
90.6667
88
95.3333
98
94.6667
88.6667
88
88.6667
88.6667
94
96.6667
94
95.3333
89.3333
86
87.3333
83.3333
90.9091
91.1504
85.9813
94.7917
90.1961
85.5769
93.6508
86.6667
81.3333
82.6667
94.6667
92.6667
92
93.7984
95.3333
95.3333
84.6667
87.3239
96.6667
94.6667
96.3768
97.7444
97.8873
90
87.1622
93.3824
85.3333
86
91.3333
82.6667
91.3333
91.3333
90
92.6667
94.6667
85
82
78.7037
78.6667
89.3333
90.4762
92.6667
89.3333
84
78.6667
87.1622
88.6957
86
94.1748
92.623
88
84
60.6667
64
72.1311
69.5312
60.7407
57.265
63.7037
72
55.3333
68
74.6667
76
71.4286
82.2222
76.6667
78.7037
75.2137
100
63.4615
97.2973
93.7008
96.8085
98.6111
92
82.7586
91.3333
98.0952
98.8372
98.0198
99.1071
93.1034
94.9495
91.4286
97.2973
95.3271
94.5946
96.4286
96.875
96.2963
94.9275
92.6667
97.2603
95.9459
99.3333
97.3333
100
94
96.6667
91.3333
81.3333
85.3333
94.6667
94
93.3333
94
92.6667
90
83.3333
93.3333
90.6667
94
93.3333
92
94.6667
86.6667
95.9184
97.3333
92
81.3333
81.3333
88.6667
96.6667
94.6667
75.3333
70
64
54
56.6667
58.0645
57.4713
75
76
81.3333
91.3333
95.3333
88
67.3333
94.6667
94
91.3333
87.3333
69.3333
79.3333
83.3333
91.3333
92
90.6667
88.6667
85.3333
79.3333
78.6667
83.3333
86.6667
96
98
96.6667
89.3333
87.3333
96.6667
93.3333
86.6667
84.6667
83.3333
86
86.7133
94.0741
89.313
95.3125
94.6667
92.6667
90.6667
87.3333
82
82
95.3333
94
90
97.3333
96.6667
92
92.6667
92
93.3333
98.6667
99.3333
96.6667
92.6667
94
97.3333
97.3333
95.3333
95.3333
93.3333
90.6667
87.3333
94
90.6667
93.3333
96
92.6667
94.6667
84
86
93.1034
99.3333
95.3333
92.6667
92
98
96
94.6667
94.6667
92
88
90
86
86
89.3333
88.6667
90
88.6667
88
94.8148
88.7218
88
96.3235
96.9231
97.1223
95
92.6667
92
96.6667
92.6667
91.3333
96
98
99.3333
94
92.6667
89.3333
96.6667
90
93.3333
87.3333
86.6667
88.6667
89.3333
94.6667
88
85.3333
88
88.6667
94.6667
87.3333
90.6667
91.3333
96
96
90.6667
86
92
93.3333
84.6667
82.6667
82.6667
80.6667
81.3333
77.3333
85.3333
92.6667
83.3333
80
82
87.3333
90
94
95.3333
94.6667
91.3333
86
95.3333
93.3333
98
94.6667
92
94.6667
92
89.3333
89.3333
84
82
85.3333
74.6667
75.3846
68.4685
80.6667
85.3333
90
84
84
86.6667
85.2349
92
90.6667
86.6667
80.6667
82.6667
80.6667
89.3333
86.6667
79.1667
77.3333
87.3333
96.6667
92.6667
92
82
76
83.3333
84.6667
88.6667
88
90
87.3333
85.3333
86.6667
89.3333
88
85.3333
88
95.3333
95.3333
96.6667
98.6667
94
96.6667
97.3333
94
93.3333
91.3333
85.3333
89.3333
90
91.3333
92
90
90.6667
98
98
95.3333
89.3333
96
91.3333
97.3333
99.3333
96.6667
94
90
92.6667
85.3333
80
90
89.3333
89.3333
90
94
89.3333
90
92.6667
84.6667
75.3333
90.6667
94.6667
96.6667
100
94.6667
96
87.3333
85.3333
92
91.3333
92.6667
78
80
78.6667
85.3333
88
84
92
94
95.3333
89.3333
88.6667
99.3333
99.3333
100
99.3333
98.6667
93.3333
90.6667
91.3333
90.6667
90
86
94
88.6667
92
94.6667
94.6667
96.6667
92.6667
91.3333
88.6667
85.3333
90
96.6667
99.3333
100
100
100
100
96
90.6667
95.3333
90.6667
90.6667
95.3333
96
96
98
100
98.6667
99.3333
97.3333
92
92
92
90
88.6667
88.6667
84
92
94.6667
95.3333
84.6667
90
95.3333
94.6667
98
100
91.3333
96
97.3333
100
99.3333
100
100
100
100
100
100
100
100
100
100
100
100
100
100
100
100
100
100
100
100
100
100
100
100
100
100
