track_point_time 96.6005 4.318 1924
100
100
99.2701
100
100
100
100
99.3333
100
100
100
98.6395
100
100
100
100
100
100
99.3151
100
100
100
100
100
100
100
100
100
100
100
100
100
100
100
100
100
100
100
100
98.6486
100
100
99.3333
100
100
100
100
100
100
100
100
100
100
100
100
100
100
100
100
100
100
99.3333
99.3333
100
99.3333
99.3289
99.2754
99.2701
99.3151
100
100
98.6667
100
100
100
99.2958
100
100
100
100
99.2908
100
99.3333
100
99.3333
99.3289
100
99.2908
99.2188
99.2126
100
99.2857
100
100
99.2908
97.8571
97.1223
95.5556
98.1481
100
100
100
99.2806
100
100
98.4615
100
100
100
100
100
100
100
99.1736
99.2126
100
100
100
100
100
100
98.4615
98.4252
100
99.2188
100
100
100
99.2647
98.5185
99.2366
100
100
100
100
100
100
100
100
100
100
100
100
100
100
100
100
100
99.2593
99.2537
100
100
100
100
90.6667
100
100
100
100
100
100
100
98
100
98
99.3197
99.3333
97.9866
98.6667
98.6486
98
100
97.3333
99.3151
98
97.9592
99.3333
97.9866
78.6667
98.3051
97.8873
98.5612
97.3154
100
99.2593
100
100
80.303
98.1818
98.1481
98.4375
99.2063
99.1379
98.2609
98.3333
93.2203
97.6744
96.8254
99.2248
96.875
97.1223
95.5556
98.4962
96.9466
97.1429
95.5882
100
98.4496
97.561
100
99.187
85.2459
98.9474
100
100
99.115
99.115
98.2143
98.3193
98.2906
99.0991
100
99.1525
96.5812
98.2301
99.0991
94.6903
87.8505
98.6667
100
96.6667
98.6207
98.6667
98.6486
98
99.3197
98.6301
99.3056
98
98.6395
99.3333
98.6577
99.3333
97.9866
90
97.7778
98.5915
98.5714
98.6667
98.6486
96.6667
100
79.8658
100
98.4496
98.4252
99.1453
98.2759
96.3964
98.1308
98.1481
99.0566
98.1982
98.1651
98.0952
96.1165
97.4138
99.115
83.5821
99.1071
98.4252
97.6
100
98
98
99.3197
98.6395
94.4828
99.2063
100
98.4252
100
99.2188
98.4252
100
97.5806
100
99.0741
100
100
100
96.5812
96.6942
99.1453
99.187
97.541
98.2609
100
98.2906
99.1304
99.1304
85.9649
98.6577
99.3197
98.6667
98.6486
98
98.6395
97.9452
90.2098
97.6923
98.4252
97.7612
98.4733
96.0938
99.187
96.2406
78.9062
93.2584
95.1807
96.3855
96.25
93.9024
100
96.6292
96.5116
97.6378
95.9677
98.2301
99.0991
99.1228
97.3451
100
98.1651
93.913
99.0741
100
100
96.748
99.1597
95.614
96.3303
93.578
100
94.6237
98.8636
98.9247
100
100
100
98.9796
97.9381
97.9381
100
96.9072
94.6809
95.0495
97.9167
93.8053
93.3962
97.541
93.2773
95.6522
100
89.0756
99.0566
90.1639
97.2727
97.4576
93.913
96.6942
96.5812
95.3125
97.541
99.1379
91.3043
100
100
99.0385
97.0874
98.9011
97.7778
96.1165
96.9697
100
100
98.9691
100
98.9247
97.8261
94
100
97.9167
97.8723
96.9388
100
99.0385
99.0291
100
76.9231
96.7742
97.5
98.6111
96.4789
97.3333
95.8904
96.9925
87.5969
91.3043
99.0476
100
99.1597
98.3051
100
100
100
83.2061
99.0826
98.9362
97.8495
98.8764
100
98.913
100
90.9091
100
98.6667
99.3243
97.0803
98.4962
98.2609
94.6903
90.4762
99.1228
87.8261
99.0099
96.8
99.1736
97.037
98.4733
76.5152
97.0297
98.8235
97.619
96.7391
95.5056
92.4051
98.6301
91.2088
98.7952
96.6667
95.8621
97.541
94.958
96.4912
97.2727
97.2222
99.0476
90.9836
99.0991
100
97.9167
99.2248
99.2188
100
85.8268
97.6471
97.5904
100
100
98.9583
100
96.7742
90
95.4887
96.063
95.7143
96.2687
97.037
96.9466
99.3056
98.6014
93.662
95.4887
93.8462
97.541
93.8931
91.8699
95.2381
96.6667
98.1651
100
100
99.3333
100
100
100
92.7419
100
97.8723
97.9381
100
100
100
100
98.1818
100
100
99.0291
100
100
100
99.0654
100
97.5806
100
100
99.1803
100
99.1935
96
98.3333
99.1736
98.3333
98.4496
96.063
96.6667
97.2414
97.0149
99.2308
88.2353
100
97.8723
97.1014
94.8148
98.4375
97.5806
99.1736
88.4058
96.7213
96
97.2222
96.2687
93.7984
95.3846
95.1613
85.8333
92.233
92.5926
90.4
90.4255
94.1176
92.8571
94.5055
93.9759
89.7436
93.75
88
86.8852
92.4528
88
98.4848
94.6237
95.4545
97.7528
98.8506
98.3871
98.3607
96.1039
97.2973
92.1875
94.9153
93.617
97.7273
96.0784
97.9592
96.2025
100
100
98.3871
100
100
96.2264
98.0392
95.8333
97.8261
98
100
98.2456
100
98.4127
95.1613
93.3333
95.7143
96.8504
93.4959
96.7213
94.9153
96.875
100
98.6301
95.8333
98.6667
95.9459
89.5349
100
97.2973
95.8333
94.8718
91.8919
93.5897
95.8904
94.3662
98.5075
94.6809
94.382
93.4783
93.7984
94.6667
92.9577
95.9459
98.5915
98.7952
97.561
100
93.1507
95.1923
94.9495
88.7931
97.0874
98.9011
94.4444
93.0769
96.6942
90.4762
96.4912
85.7143
96.2963
91.6667
94.5455
88.6792
95.7447
86.2745
97.7273
89.6552
92.3077
90.9091
82.2222
100
93.3333
100
96.2963
93.9024
90.9091
91.0112
93.8272
91.9355
85.9649
80.6452
90
93.6508
88.1356
93.3333
92.8571
98.1818
100
95.3846
98.3871
98.2143
98.1818
94.1176
96.25
100
98.2143
95
94.7368
97.1429
67.6471
93.4426
94.7368
93.6508
100
92.1875
91.5254
85.1852
84.7826
85.3933
89.4737
89.8305
92.4528
92.6829
97.3684
90.625
93.1034
97.2222
100
94.9153
92.8571
98.3607
93.3333
94.7368
97.2222
90.4762
91.2281
85.0746
85.9649
86.5672
89.6552
87.0968
77.7778
89.5833
93.0233
96.3636
92.4528
94.1176
96.25
92.4528
83.6735
87.6712
93.75
90.4762
90.5263
91.0891
98.913
92.4731
93.0233
89.2857
90.6667
91.6667
95.4545
81.4286
94.7368
96.9231
95.2381
95.2381
93.3333
88.4615
86.9565
89.7436
92.8571
89.8734
91.5493
90.6667
83.8235
89.7727
97.4684
88.9908
92.7835
88.3333
94.3396
98.0769
90.1961
94.5455
92.3077
84.6154
89.0909
86.8852
90.566
96
95.8333
86.8852
90.566
88.1356
98.0769
96.4286
98.1481
94.3662
92.5373
97.3684
94.5946
97.5
96.1538
93.2584
93.9759
88.8889
90
87.6923
96.4912
93.75
92
91.25
94.5205
95.1807
92.4051
93.5065
93.0556
85.3933
78.9474
93.617
100
98
95.9184
90.625
96.5517
96.875
95.1613
94.2529
91.4634
95.8333
89.8551
87.3016
87.2727
95
96.0526
94.5946
91.4286
92.1875
94.9153
91.9355
94.7368
95.082
96.5517
98.3607
91.6667
100
98.1481
92.2078
97.1831
97.1429
98.5294
95.3704
96.1165
91.1111
93.9024
88
97.7273
87.3239
90.3226
93.6937
93.2692
95.3846
98.3871
98.6667
98.6486
98.8095
95.1807
100
96.6667
98.8372
89.4118
95.2381
90
97.5904
96.2963
100
98.9583
100
100
100
97.2222
100
100
100
100
100
99.1667
100
100
100
100
100
100
100
100
100
100
100
100
100
100
100
100
100
99.3333
100
100
100
98.5185
100
99.2
100
100
100
100
100
100
99.3333
100
100
100
98.1132
100
99.0385
99.0291
100
100
100
100
99
100
100
98.9796
98.9899
95.9184
97.9167
100
99.0291
97.0588
96.8421
97.8261
100
100
99.2958
97.1631
100
98
97.2477
98.1132
99.0909
97.2477
95.4023
93.9759
100
93.0556
95.5224
98.4375
93.4426
98.2456
97.5
97.4359
97.7099
85.1562
97.1831
97.1014
95.9184
94.6809
94.1667
96.4602
97.4684
96.1039
91.8605
97.4684
94.0476
96.2025
97.8873
94.964
91.6667
82.9545
94.7917
100
98.6667
94.5946
98
95.9184
97.3214
88.9908
95.5224
95.3125
96.2963
98.4615
100
95.0617
95.3333
97.9021
96
95.8333
96.5812
96.4602
94
94.3262
96.7742
97.7778
96.7391
95.5056
97.1831
88.4058
98.2759
98.2456
89.2308
98.2759
98.4375
100
100
100
100
100
98.7805
95.0617
88.8889
93.75
100
99.1304
100
95.4023
95.8904
97.1429
91.5493
98.4615
100
95.8333
98.9011
97.7778
97.619
98.7805
87.931
96.0784
93.4783
90.6977
86.5854
91.5493
92.6471
93.6508
89.5833
91.8605
92.5926
88
90.5405
83.5821
88.5246
93.5185
86.1538
75
94.1176
100
90.2778
98.4615
93.4211
95.7746
100
91.1392
98.8235
96.4286
97.2603
95.7746
95.5056
95.2941
96.5909
90.5882
89.4737
98.0392
96
88.8889
93.8272
92.1053
97.561
96.25
97.9381
90.5263
97.619
87.8049
91.7808
91.0448
98.5915
90
93.3962
96.9697
95.8763
93.5484
97.1429
92.6471
96.1538
94.6667
94.8052
94.5205
93.6709
91.8919
95.6989
88.764
96.1165
90.9091
92.7711
98.7013
96.7033
96.5909
96.4286
86.1111
86
86.0465
93.0556
97.0149
98.5294
100
93.985
98.4
100
96.9231
64.6341
100
94.2857
98.4848
93.1507
83.8235
85.7143
80
89.1304
97.561
97.6744
92.8571
100
100
100
98.0392
98.3333
98.3051
100
95.3488
93.9759
93.5897
90.4762
89.4737
73.8462
91.6667
94.8276
90.9091
96.4286
85.1852
85.7143
94.4444
92.8571
94.2308
95.9184
95.7447
81.3333
90.1639
89.5522
91.6667
93.0556
61.194
94.9153
98.2143
95.4545
98.4127
90.8046
88.6076
98.7654
92.5
92.9412
97.4684
100
95.9459
93.75
86.6667
89.8876
81.25
96.8254
95.082
100
100
97.4684
96.1039
98.1132
91.3462
98.8372
96.4706
97.6744
89.2857
84.127
84.9057
81.5385
88.6792
75.5556
95.5882
87.3016
89.0909
83.75
88.0597
94.8276
98.1818
91.2281
94.2308
90.566
83.3333
100
100
100
95.6522
92
97.1014
95.6522
92.4242
94.8052
94.5205
90.7895
88.4058
87.8788
100
100
96.1538
91.4286
98.4375
96.4286
81.4815
88.2353
86.6667
74.6988
87.0968
97.7778
95.4545
95.5556
100
64.3836
100
100
100
98.2456
100
96.0526
100
100
100
100
97.9167
98.1308
98.0952
99.0991
94.5455
96.0396
93.8144
93.3333
94.0476
91.3043
91.6667
92.1875
93.2203
90.3226
96.4286
97.5904
95.0617
94.6667
99.2958
98
97.2789
96.2025
98.6842
100
96.875
100
100
100
100
100
98
100
100
100
100
100
98
100
100
99.3197
100
100
100
99.3333
100
99.3333
100
100
99.0566
100
100
100
100
100
100
100
100
100
100
100
99.0476
97.2477
99.0566
100
99.0291
99.0291
100
100
100
100
98.9362
98.9362
98.9247
99.0566
100
100
100
100
100
100
100
100
99.1304
100
100
100
100
100
100
100
98.7654
100
100
100
100
100
100
100
100
100
100
100
100
100
99.0826
100
100
100
99.187
99.2188
100
100
98.4252
98.0952
100
100
100
100
100
100
82.2581
95.2381
98
96.3303
98.0952
96.4029
99.2537
100
81.0345
98.9691
98.9583
98.9474
100
100
98.3871
98.2759
100
88.8889
99.1071
99.0741
99.0654
92.2414
98.1308
96.8504
98.374
97.6
96.7213
96.6942
99.1453
95.7627
98.2301
98.4615
100
98.6301
95.8333
96
95.8333
97.2603
97.1831
97.2414
97.1631
90.6667
99.2647
98.6667
94.5946
96.6667
98.6207
98.6667
99.3243
96
95.8333
99.3333
95.9732
97.3333
100
96
97.9167
96.6667
97.2414
99.3333
99.3289
97.3333
99.3151
98
97.9592
97.3333
86.9863
97.9021
99.2857
98
97.9592
97.3333
97.9452
96.6667
98.6207
97.9021
99.2857
98
99.3197
96.6667
99.3103
100
96.6667
99.2308
97.6744
99.2424
96.1832
100
99.2063
100
98.4496
98.4252
100
99.3289
99.3243
97.3333
97.9452
97.2789
95.8042
98.6486
97.2603
98.5714
99.2754
98.6301
99.3056
98.6667
97.973
98.4733
99.2248
99.1304
100
100
98.3871
99.1525
100
90.6667
100
100
100
99.3333
98.6577
96.6667
91.3793
94.6903
92.5234
93.6937
100
97.2222
96.1905
99.1525
100
97.8571
92.7007
92
94.7826
94.4444
92.1569
92.3729
90.8257
84.9558
97.9167
98.0769
88.2353
94.8276
97.2727
95.8333
100
100
97.6471
97.0874
96
97.3214
97.2477
96.4286
96.2963
100
94.4954
97.3913
98.2143
98.2456
94.6429
99.2308
99.2248
97.6744
96.8254
95.4545
97.619
96.0317
94.2149
98.3471
94.958
94.8276
93.6364
95.3271
96.0784
98.9899
100
98.6667
99.3243
98.3193
97.4359
98.0392
100
99.1071
100
100
99.1071
99.1667
100
100
99.1525
100
99.2188
95.7627
96.4602
98.2759
96.4912
88.4956
100
100
97.4359
98.2609
99.115
98.4848
99.2308
96.9697
100
99.3333
99.3289
97.6562
96.8
97.2727
99.0654
93.2692
100
95.3704
99.0291
99.1453
100
99.1304
100
99.0385
100
99.3333
97.3154
99.2
97.5806
98.3471
94.958
95.7265
92.8571
96.5812
97.3451
97.6
96.7213
98.4375
98.4127
92
98.2609
96.5812
99.115
98.0769
96.0784
95.614
99.0826
95.8333
87.8261
95.1456
93.8776
94.1176
96.875
96.9072
94.6809
95.6522
92.0455
96.7213
99.1525
95.7746
95.5882
93.6
93.1624
89.6552
85.5769
88.5057
97.4026
97.8495
100
100
96.8992
97.8022
93.2584
96.7391
96.6292
97.7528
91.954
96.6292
96.5116
93.8776
90.2174
94.0678
93.6937
98.3051
100
95.082
97.4138
96.3235
87.7863
84.5361
96.3415
91.7526
93.2584
96.7391
93.2584
95.5056
94.1176
81.9277
95.5882
95.8333
95.6522
97.7273
96.124
98.3051
93.9655
94.0678
95.4955
92.233
94.7368
91.2621
98.9362
96.1905
98.0198
98.0769
98.0392
95.3271
96.0784
94.1667
88.4956
95
95.614
93.4579
94
88.8889
100
95.614
98.1651
98.3193
97.4359
79.8319
93.6842
95.2941
97.5309
91.3978
97.6471
98
92.8571
97.0588
97.9798
97.3214
99.0826
98.4962
99.2366
99.0654
99.0566
98.2143
99.0909
97.6923
98.4252
99.2593
99.2537
99.1597
98.3051
95.614
98.1651
96.3964
100
99.0909
98.1651
98.1132
97.1154
96.1538
92
94.6565
100
98.2906
98.2609
96.4286
100
96.875
97.5806
100
100
99.2806
100
99.2857
99.2806
100
82.4818
100
100
98.1132
100
100
99.187
100
100
89.2857
100
100
100
100
100
98.0769
99.0196
96.4286
95.5556
96.4286
100
98.8235
98.8095
100
98.913
94.382
98.8095
100
100
98.5294
97.0149
98.3471
100
100
91.4062
98.1818
97.2222
97.3451
98.1818
99.1803
100
98.4
99.187
97.7941
98.4962
96.3768
96.9925
92.5373
98.3871
96.1832
99.2063
99.2424
97.7099
97.8571
98.5401
98.5915
95
96
83.3333
99.2593
100
99.3333
98.6577
98.4127
97.5806
98.4252
91.2
99.1597
98.3051
98.1651
100
99.0291
100
98
97.9592
100
99.2424
99.2063
98.4
99.2188
98.4252
98.4733
89.9225
100
98
98
99.3197
99.3333
99.3289
99.3333
98.6577
98.6667
99.3243
99.3333
99.3289
98
99.3197
97.3333
97.2603
98
98.6395
98
97.9592
98
100
98
97.2789
83.3333
99.2
99.2958
99.2908
95.122
99.1453
97.3333
98.6301
92.8571
100
100
99.2
95.3846
91.9355
97.6923
96.063
96.6102
98.2456
96.7742
97.5
99.0991
99.0909
97.2973
100
98.2906
99.1304
99.187
99.1803
98.6667
97.2973
98.6667
98.6486
95.3333
99.3007
99.3333
99.3289
97.3333
95.8904
98.6667
97.2973
94
92.1986
95.2703
100
97.3333
97.9452
99.3333
99.3289
98.6667
96.6216
99.2063
99.2
99.3056
97.9021
100
100
100
98.5507
100
99.2908
100
99.3333
100
100
100
100
99.3333
98.6577
99.3333
100
100
100
99.3333
100
98.6667
100
100
100
100
100
99.3333
100
100
99.3333
100
100
100
100
100
100
100
100
100
100
100
100
100
100
100
100
100
100
100
100
100
100
100
99.3243
99.3333
100
