track_point_time 98.1242 2.67809 12477
100
100
100
100
100
100
100
100
99.3333
100
99.3333
100
99.3197
99.3151
100
100
98.6667
100
100
99.3056
98.6667
100
97.9592
100
99.3333
98.6577
98.5075
100
100
100
100
100
98.6577
100
98.6486
99.3151
99.3151
99.3103
100
100
100
100
100
100
100
100
100
100
100
100
100
100
100
100
100
100
100
100
100
99.3289
99.3333
99.3289
100
97.9021
99.2481
98.4848
98
100
97.9452
99.3007
97.1223
99.2593
97.6923
100
97.2603
100
100
99.3151
99.3197
99.3151
100
100
99.2701
97.7941
98.4962
99.2366
97.6923
98.4252
99.1935
100
99.3243
97.2789
98.2906
98.2609
99.1379
99.1304
98.2143
99.0909
100
100
98
100
99.2424
99.2366
98.4733
100
99.2063
100
99.1525
100
100
100
99.2063
100
99.187
99.1803
100
99.1304
98.3193
100
100
100
99.3333
100
100
100
99.1803
100
100
100
99.1667
100
98.6667
97.2973
99.1228
98.2301
98.3333
100
98.3333
99.1525
99.2063
98.4
100
100
99.2424
95.4198
99.0385
99.0291
100
99.0385
99.1597
99.1525
100
99.2593
98.2906
100
98.2456
100
99.0654
100
100
98.1651
100
98.1982
100
100
98.3607
100
100
100
100
100
99.2593
100
100
100
99.2424
96.9466
99.3333
100
98.6667
98.6486
100
94
94.6309
92.9078
98.4127
99.1935
96.3235
97.7099
99.2754
99.2701
97.9452
100
91.6031
99.1667
97.619
100
96.124
95.9677
97.7099
98.4375
92.7419
100
100
99.2248
100
100
99.1935
100
99.115
100
100
99.0291
100
100
100
100
98.9247
100
98.4496
100
100
100
100
100
93.007
100
100
99.3333
100
98
98.4962
98.4733
98.5401
97.037
97.931
100
100
99.3333
97.8723
99.2754
97.9592
90.2778
100
100
98.4615
99.2188
100
100
98.6667
86.4865
100
100
98.4375
99.2063
98.5401
97.7778
98.6667
98.6486
97.3333
99.3151
99.3333
100
100
99.3333
100
97.3333
98
98.6395
100
100
97.3333
99.3151
94
97.8723
95.7265
91.9643
93.9189
94.964
97.7099
95.3125
98.4
99.187
86.6667
97.6923
99.115
100
93.0435
98.1308
95.7447
98.5185
88.4615
100
99.1597
100
100
97.6378
100
99.115
98.1651
100
96.7391
100
99
97.9798
100
100
96
98.9583
99.0909
100
98.2609
99.115
100
100
82.8829
100
99.3151
97.2414
99.3333
97.9866
98
96.5986
94.6667
90.8451
98.4615
97.6562
96.4539
100
99.2537
99.2481
98.5507
78.6765
100
100
100
100
100
97.2973
98
100
100
98.9362
100
100
100
98.8095
100
100
100
100
100
99.0385
99.1525
100
100
99.0909
100
100
100
100
97.8723
96.3768
96.063
94.2623
90.8333
99.0826
98.6667
99.3243
96.8504
99.187
98.5612
98.5401
92.3664
100
97.931
98.5915
96.875
99.1935
100
100
85.1351
100
99.3056
100
99.3333
97.9866
97.8723
97.8261
93.3333
98.5714
100
100
96.6667
97.2414
97.3333
99.3151
92.517
100
100
98.5915
100
100
100
100
96.6667
98.6207
98.5401
94.8148
97.8723
92.7536
94.6667
94.3662
93.4959
97.3913
98.3193
94.8718
98.4127
98.3871
98.2759
99.1228
100
84.5455
98.7013
100
99.3333
100
100
98.1818
100
98.0583
100
99.0566
100
100
100
100
98.9362
100
100
100
100
98.7342
100
100
100
93.6709
99.0654
100
100
99.1071
98.4496
99.2126
98.5401
78.5185
97.2222
98.5714
99.3333
98.6577
96.6667
99.3103
99.3243
97.9592
77.3333
96.5517
99.2366
98.4615
97.7612
99.2366
100
100
86.9565
100
100
99.1379
100
100
98.9796
100
97.8495
98.9011
100
100
100
100
100
100
94.9367
100
99.0741
100
100
100
100
98.1651
93.3884
99.115
99.1379
98.2609
98.6014
98.5816
99.2958
100
100
96.8504
99.1228
98.2301
97.3451
100
99.1228
100
100
99.2908
100
100
100
97.0149
98.4127
98.3871
96.875
98.3871
97.4359
99.1228
100
100
100
99.2537
100
100
99.2366
100
100
100
100
98.5612
100
92.9078
96.6216
97.9021
94.8905
96.1538
92.7928
99.0291
96.4912
92.7273
96.748
100
98.5714
99.2754
98.4
100
98.374
93.3884
85.9375
99.0909
100
98.2759
100
98.5915
100
100
96.4602
100
100
100
100
100
100
98.0952
100
100
100
100
100
100
100
98.8764
96.6667
100
100
99.2126
100
99.2248
98.4962
98.4733
92.7419
98.2609
96
98.6111
96.8504
97.561
98.4848
100
99.2248
76.5625
97.9592
100
99.0196
100
100
99.0291
98.3471
98.3193
100
99.0196
100
100
99.0291
100
98.9691
100
100
100
100
100
100
100
100
93.1034
99.3333
100
100
98.6395
98.6667
99.3243
98.6667
97.973
96
99.3056
99.2754
97.8102
99.3333
97.9866
97.3333
88.3562
99.1453
99.1379
100
96.9697
95.9732
99.3007
98.5714
100
97.8873
100
98.5816
99.2806
95.935
95.7627
94.7761
99.2126
98
98.6395
97.6923
99.2126
97.7444
98.4615
99.2424
100
95.1724
100
97.9866
99.3151
99.3333
99.3289
99.3333
99.3289
93.4307
96.0938
98.3471
97.479
96.6102
97.3684
95.4887
98.4252
96.124
98.3871
97.6
99.1803
100
99.1935
93.1624
95.4128
90.1786
100
97.4684
100
98.8095
100
100
100
100
98.8095
98.8506
100
100
100
100
100
100
98.8636
100
98.9247
100
100
100
100
98.0769
82.3529
100
100
100
100
98.6667
98.6486
99.3197
93.1507
98
98.6395
97.3333
100
100
100
100
79.3333
100
99.2701
99.2908
100
100
99.2806
97.1429
88.2353
100
100
100
100
100
100
100
99.0099
97.1154
100
100
100
100
100
100
98.9899
94.5055
100
98.9899
100
97.9167
100
100
100
84.5588
100
99.3333
99.3289
98
97.2789
96.3235
99.2366
95.3333
95.8042
98.5507
95.5882
99.2
100
99.2958
98.5816
84.3284
100
98.0769
96.0784
100
98.1818
99.2308
98.4496
99.2537
98.4962
99.1935
97.561
95.9016
99.1453
99.0826
100
99.3151
99.3103
99.2126
100
100
99.2308
100
99.2647
99.2
100
100
100
100
99.3103
99.3007
99.2958
98.5816
95.6835
97.3333
98.6301
99.3289
97.973
96.5035
98.5507
98
95.9184
94.6565
97.5806
99.1667
99.1597
99.1071
98.1982
99.1736
82.5
96.1538
96
98.3051
97.4138
100
97.2222
96.2617
99.0291
95.0413
100
100
98.9796
100
97.8022
98.8372
98.8235
97.7528
97.7011
97.0588
98.9899
100
97.2477
100
100
59.1837
100
98.6667
98.6486
98
99.3197
97.3333
97.9452
95.6522
98.4848
100
99.2063
96.3235
99.2366
97.7273
100
74
99.0991
100
98.9691
100
100
100
100
100
93.8053
100
97.9798
100
97.8947
100
100
100
99.0291
100
100
100
100
100
100
100
88.2883
98.6667
100
100
99.3333
97.1014
100
99.2647
95.5556
96.5278
99.2806
95.3333
96.5035
95.9184
97.1631
97.3333
77.3973
99.2063
97.6
98.4
100
100
99.3333
98.5075
98.4848
97.561
97.5
96.6667
97.931
99.1379
97.3913
100
99.1667
100
100
100
100
100
100
99.1935
100
97.5
98.2906
100
97.7612
98.5507
98.5294
98.5075
98.4848
76.6667
98.2609
97.9021
97.8571
94.6667
97.8873
97.9592
97.9167
82
100
97.2414
98.5816
98.6014
99.2908
99.2701
99.2647
81.3333
100
99.0826
98.1481
100
100
99.1597
100
99.1304
98.2456
98.2906
100
99.115
100
100
100
100
86.087
99.3333
97.9866
99.3056
99.3007
99.3333
98.6577
98
95.2381
100
98
98
97.2789
98.6667
98.6486
100
93.3333
97.0588
100
100
99.2857
100
100
100
78.6667
100
100
100
100
100
100
99.2063
98.4
99.1597
100
100
100
100
100
100
98.0392
97.9167
100
100
100
99.2701
100
100
100
92.0863
100
100
100
100
100
100
100
99.3333
100
99.3333
100
100
100
100
100
100
100
100
100
100
100
100
98.6667
99.3333
97.9866
98.6667
99.3243
98.6667
100
100
99.2537
99.3333
99.3289
99.2424
96.1832
96.4029
97.7612
98.5915
100
100
99.3333
98.6667
97.2973
96.4539
98.5294
94.9275
96.1832
95.3125
96.7213
92.5676
98.5401
96.4912
99.0909
98.3607
97.5
100
97.5207
100
94.3925
95.1389
94.8905
96.6667
95.8621
96.2963
99.2308
99.3333
99.3289
99.3289
95.9459
94.1176
96.875
96.6667
93.1034
95.5224
93.75
95.8333
94.9275
93.3333
97.8571
97.8571
98.5401
98
98.6395
99.1935
95.935
96.3636
98.1132
94.8905
96.1538
96.3504
98.4848
98.6207
95.8042
96.3504
97.7273
100
100
97.9021
96.4286
96.4539
96.3235
94.6565
94.3548
94.2857
93.1818
95.4545
94.4444
95.935
99.1525
98
100
100
97.7778
97.9592
97.2222
95.122
97.4359
98.2609
94.6903
96.8254
97.541
97.3333
97.9452
97.9021
100
100
99.2958
97.1429
95.5882
96.0938
91.0569
93.9655
95.4128
94.3925
94.0594
94.964
96.2121
94.7368
93.5185
97.8947
98.9247
96.6387
98.2609
98.3471
98.3193
99.1736
97.5
97.4576
99.1304
99.1736
98.3333
93.7008
96.6387
95
96.4912
93.9655
93.578
94.7917
100
99.1736
96.6667
98.3607
96.6667
100
98.1308
98.2906
98.2609
99.0991
98.1818
94.2857
100
98.9796
98.9691
96.2617
100
100
99.0566
97.6562
99.2
100
99.1736
96.7213
97.4576
98.1132
98.0769
96.2963
98.0769
95.5752
97.2222
94.8276
97.2727
100
97.3214
98.6014
98.5816
100
96.6667
98.374
95.0413
96.8254
99.1803
97.1698
97.0874
99.0909
99.0826
97.3451
99.0909
99.2308
100
100
99.2424
98.5294
97.0149
98.3871
97.541
94.3089
98.2759
96.5217
97.2973
97.7941
100
100
100
99.2754
98.5401
97.8571
99.2701
95.4545
98.4127
95.1613
97.4576
99.0654
100
98.1818
98.1481
98.5401
100
100
97.8571
96.875
99.1935
96.3964
98.1308
96.875
96.7742
95.6897
97.2973
96.2264
97.0588
99.2063
97.6
98.5507
98.5294
98.4252
93.6
97.3214
98.1651
95.4545
99.0476
97.479
99.1379
99.1453
98.2759
98.4127
97.5806
100
100
99.2126
97.619
93.7008
98.3193
96.8992
96.8
99.0654
97.1698
94.1667
98.2301
96.6102
99.1228
99.0909
99.0826
97.541
99.1597
100
99.1667
98.3871
97.541
95.1456
98.9796
99
96.9697
95.614
98.1651
97.1698
99.0291
96.1905
98.0198
98.3051
98.2759
99.1453
100
99.1453
97.4138
95.5752
99.0741
96.748
99.1597
98.1308
98.0952
95.6522
96.5909
95.614
99.0826
97.2222
98.0952
100
100
100
100
97.0297
98.9796
98.1818
98.1481
97.4576
97.3913
99.0991
100
100
100
100
100
100
100
100
99.2908
100
100
100
100
100
100
100
100
99.3333
99.3289
100
100
100
100
100
100
100
100
100
99.3007
99.2806
100
98.6486
98.6301
99.3289
99.3243
99.3103
100
96.6667
99.3103
100
99.2754
99.3333
99.3289
99.3333
100
98
100
98.5915
99.2857
98.6667
98.6486
99.2593
97.7612
97.2973
99.3056
97.2789
98.6014
96.6667
98.6207
95.2381
99.2857
97.9167
97.8723
98
97.9592
96.6667
97.2414
100
95.3333
97.2789
97.9021
97.9866
97.2603
96
98.6111
98
95.2381
93.0769
99.1736
97.0149
95.3846
97.7444
93.0769
96.3235
97.7099
97.6378
96.7742
95.9677
96.6387
94.1667
86.7257
97.4359
94.7368
97.3913
92.8571
95.283
97.0297
95.7447
92.2222
94.6809
96.6292
93.5484
94.2529
92.7711
90.9091
89.3333
89.5522
85.9649
73.4694
82
95.122
82.0513
93.75
90
100
95.5556
100
100
94.5946
91.1765
100
100
96.7742
97.0588
96.9697
94.4444
100
96.9697
93.75
96.7742
96.6667
63.3333
95.7895
82.3009
94.6237
97.5
100
97.561
100
94.6667
97.8873
100
100
96.7742
99.1667
98.6667
97.973
98.6667
98.6486
96
95.1389
100
100
100
98.5075
92
95.6522
91.3333
95.6204
98.6667
96.6216
98.6667
95.9459
96
95.8333
94
95.7447
95.3333
95.8042
96.875
96.7742
95.6522
98.8636
100
98.1132
100
100
96.6667
100
98.4615
96.875
100
98.2143
100
100
100
100
98.8889
96.6292
100
100
95.5752
98.1481
100
98.75
97.9798
91.7526
98.6842
97.3333
100
100
99.1597
95.7627
100
88.764
100
97.2222
91.0448
98.3607
100
96.9231
96.1538
96
93.2203
90.9091
93.2203
96.3636
96.3636
98.1132
94.6667
95.7746
91.6667
96.5909
97.4684
97.4026
95.9459
98.5915
97.1014
98.5075
92.8571
100
100
96.7742
95.2381
95
98.3871
95.082
96.6102
100
96.7742
98.3333
96.6667
96.5517
96.3636
100
100
100
97.3333
94.5205
96.7742
96.6667
98.6111
97.1831
93.9024
98.7013
96.3415
94.9367
92.6471
100
97.619
89.0244
89.2473
86.747
92.0635
98.2759
98.0392
98
100
96.0784
100
100
94.3396
98
100
97.8723
98.2143
98.1818
94.8276
100
91.0714
88.2353
92
94.9275
97.6744
100
95.5882
100
98.3607
96.6667
99.3333
99.3289
100
100
98.4127
96.7742
100
100
100
100
96.6667
96.5517
97.4576
96.5217
95.8333
98.5507
100
97.619
94.382
92.8571
97.5309
97.4684
95.7143
98.5075
100
98.6111
98.3051
100
98.5294
97.0149
98.5294
98.5075
100
100
98.2456
100
100
100
96.2121
99.2126
98.6842
100
98.4127
98.3871
98.3051
100
98.2143
96.3636
96.6102
100
98.4375
98.4127
98.75
98.7342
95.7143
98.5075
98.3333
100
98.4127
98.3871
98.3471
98.3193
92
99.2754
100
100
98
96.5986
100
98.6667
98.6301
95.8333
100
93.4783
96.7213
98.3051
96.3636
100
100
100
100
100
100
100
96.3636
100
96
100
100
100
100
100
98
100
100
100
100
98.2143
96.6667
100
100
100
98.5915
97.1429
100
100
100
100
100
100
98.9362
94.6237
100
100
98.9691
100
100
100
100
99.1935
98.3607
100
100
100
100
100
100
99.2857
96
95.1389
98.4496
96.063
99.3333
99.3289
100
100
98.6667
100
98.6667
100
99.3333
99.3289
99.3333
99.3289
97.3333
100
98.4848
99.2308
100
99.2857
99.3333
100
94.6667
100
99.2647
97.7778
100
99.2593
98.6395
99.3103
97.2789
90.9091
98.3607
100
98.4127
100
100
100
100
99.2701
100
100
99.2537
99.2481
97.7778
99.2424
99.3151
99.3103
98.5915
97.8571
97.8417
98.5294
98.5915
98.5714
97.2789
100
100
97.8571
100
99.2908
100
99.3007
97.2603
99.2958
97.973
98.6207
99.3333
99.3289
99.3333
99.3289
99.3333
100
98
100
100
98.6667
99.3333
99.3289
100
98
99.3333
98.6577
99.3333
97.9866
99.3333
96.6443
97.3333
97.9452
98
98.6395
98
99.3197
97.3333
99.3151
97.3333
100
100
98.6667
100
100
100
100
100
99.3333
98
99.3197
99.3333
99.3289
99.3333
99.3289
100
100
100
98.6667
98
98.6395
100
100
98.6667
98.6486
99.3333
99.3289
100
99.3333
98
100
99.3333
100
98.6667
99.3243
100
99.3333
100
98.6667
98
100
98
99.3197
98.6667
98.6486
100
99.3333
99.3333
100
98.6667
98.6486
97.3333
99.3151
100
99.3333
98
100
98.6667
99.3243
100
99.3333
99.3333
99.3289
99.3333
98.6577
98
100
99.3333
98.6577
99.3333
98.6577
99.3333
98.6577
99.3333
99.3289
100
99.3333
99.3333
97.9866
98.6667
100
99.3333
99.3289
100
97.3333
100
100
98.6667
98.6486
99.3333
99.3289
98
98.6395
99.3333
98.6577
99.3333
96.6443
99.3333
97.9866
99.3333
98.6577
98.6667
98.6486
98.6667
98.6486
98
99.3197
99.3333
100
98.6667
98.6486
100
100
99.3333
96.6443
98.6667
98.6486
98
98.6395
99.3333
98.6577
98.6667
97.973
99.3333
99.3289
98
97.9592
99.3333
100
100
98
98.6667
100
98.6667
99.3243
99.3333
98.6577
98.6667
98.6486
98.6667
98.6486
98
99.3197
98
97.2789
96.6667
96.5517
96
97.9167
96.6667
99.3103
99.3333
97.9866
98
97.9592
98
97.9592
98.6667
100
97.3333
97.9452
97.3333
98.6301
99.3333
95.9732
96.6667
98.6207
98.6667
97.973
98
97.9592
100
97.3333
98
100
98
99.3197
97.3333
99.3151
99.3333
98.6577
98.6667
100
100
100
99.3333
98.6577
97.3333
100
98
99.3197
100
98.6667
98
98.6395
100
99.3333
100
99.3333
100
99.3333
100
100
99.3333
100
100
100
100
100
100
99.3333
100
99.3333
100
100
100
100
98.6667
100
99.3333
98.6577
100
100
100
100
100
100
99.3333
97.9866
98.6667
100
100
97.3333
99.3333
100
99.3333
99.3289
100
100
99.3333
98.6577
99.3333
99.3289
100
99.3333
100
98.6667
98.6667
100
100
100
100
99.3333
100
100
100
99.3333
100
98.6667
99.3333
99.3289
99.3333
100
100
100
100
99.3333
98
99.3197
100
100
100
100
100
100
99.3333
99.3289
96
99.3056
98
99.3197
99.3333
99.3289
100
100
100
98.6667
97.3333
100
99.3333
100
99.3333
100
100
100
100
98.6667
98
100
100
100
99.3333
100
99.3333
100
100
98.6667
99.3333
100
100
99.3333
100
100
100
99.3333
99.3333
100
99.3333
100
99.3333
100
98.6667
98.6486
98.6667
100
100
100
100
100
100
99.3333
98.6667
99.3243
100
100
100
100
100
99.3333
100
96.6667
98
97.9592
99.3333
100
98.6667
100
99.3333
95.9732
98.6667
100
99.3333
100
100
99.3333
100
99.3333
99.3333
97.3154
99.3333
98.6577
100
98.6667
99.3333
100
99.3333
100
100
100
100
99.3333
98.6667
99.3243
100
97.3333
100
100
100
99.3333
100
100
99.3333
99.3289
99.3333
100
100
98.6667
99.3333
100
100
98.6667
100
99.3333
98
99.3197
99.3333
98.6577
100
98.6667
100
97.3333
98
99.3197
98
100
100
98.6667
99.3333
97.9866
99.3333
100
98
100
100
100
100
100
100
98.6667
98
100
98.6667
100
98.6667
100
98
98.6395
98
100
100
98
99.3333
100
98.6667
97.973
98
98.6395
100
100
98.6667
99.3243
98.6667
98.6486
98.6667
98.6486
100
98.6667
99.3333
99.3289
100
99.3333
100
99.3333
100
100
99.3333
99.3289
99.3333
100
98.6667
99.3243
99.3333
99.3289
98.6667
100
100
98.6667
98.6667
99.3243
99.3333
100
100
99.3333
98.6667
99.3243
99.3333
99.3289
100
99.3333
99.3333
99.3289
100
99.3333
100
100
100
100
99.3333
100
98
99.3197
100
100
100
100
99.3333
99.3289
100
99.3333
97.3333
100
100
100
99.3333
100
100
98.6667
98.6667
98.6486
96.6667
100
100
99.3333
99.3333
100
99.3333
100
98.6667
98.6486
98
98.6395
99.3333
98.6577
99.3333
99.3289
99.3333
100
97.3333
99.3151
100
100
100
99.3333
100
99.3333
99.3333
98.6577
100
98.6667
99.3333
99.3289
99.3333
99.3289
99.3333
99.3289
100
99.3333
98.6667
99.3243
100
100
100
100
100
100
100
99.3333
99.3333
100
100
99.3333
99.3333
98.6577
99.3333
100
98.6667
99.3243
98.6667
99.3243
98.6667
99.3243
99.3333
100
99.3333
97.9866
99.3333
97.9866
98
99.3197
99.3333
100
99.3333
99.3289
99.3333
98.6577
99.3333
100
99.3333
100
99.3333
99.3289
100
99.3333
99.3333
100
100
99.3333
99.3333
98.6577
99.3333
99.3289
98
99.3197
98.6667
98.6486
99.3333
99.3289
98.6667
98.6486
98.6667
100
99.3333
99.3289
98.6667
99.3243
99.3333
100
98.6667
98.6486
98
99.3197
97.3333
97.2603
100
98.6667
99.3333
98.6577
99.3333
96.6443
97.3333
97.9452
98
99.3197
98
99.3197
98
100
99.3333
98.6577
98.6667
99.3243
100
99.3333
100
99.3333
100
100
98.6667
98.6486
98.6667
98.6486
99.3333
100
98.6667
98.6486
98.6667
99.3243
97.9866
100
99.3333
99.3289
99.3333
99.3289
99.3333
98.6577
99.3333
97.9866
100
98.6667
98.6667
98.6486
100
99.3333
98.6667
99.3243
99.3289
100
98.6301
100
98
97.9592
98.6667
99.3243
100
99.3333
98.6667
98.6486
100
97.7612
99.3197
97.2603
99.2908
97.1429
97.8571
99.2701
99.3333
98.6577
100
99.2857
97.8261
97.7778
97.2222
99.2857
98.6667
100
96.6667
100
98
97.9592
97.3333
100
99.3333
98.6577
99.3333
98.6577
98
98.6395
100
99.3333
96.6667
97.931
98.6667
97.973
99.3333
98.6577
99.3333
99.3289
96.6667
99.3103
98.6667
98.6486
99.3333
99.3289
96.6667
99.3103
99.3333
99.3289
98
99.3197
98
99.3197
98
97.9592
98
99.3197
99.3333
99.3289
99.3333
98.6577
98
99.3197
98
97.9592
97.3333
98.6301
98.6667
97.973
98
98.6395
98.6667
100
97.3333
97.9452
98.6667
97.973
100
97.3333
96.6667
98.6207
97.3333
98.6301
100
97.3333
99.3333
95.9732
97.3333
98.6301
98
100
98
97.2789
98.6667
97.973
96.6667
98.6207
97.3333
97.2603
96
97.9167
97.3333
99.3151
99.3333
97.9866
99.3333
98.6577
97.3333
98.6301
98.6667
99.3243
99.3333
98.6577
99.3333
96.6443
98
96.5986
98
98.6395
100
97.3333
96.6667
99.3103
98.6667
99.3243
98
98.6395
97.3333
97.9452
98
97.2789
97.9866
99.3151
98.6667
97.2973
98
98.6395
96.6667
100
100
96.6667
97.3333
98.6301
97.2789
96.5035
97.2973
100
96
99.3056
98.6667
96.6216
97.9866
98.6301
98
97.9592
98.6667
96.6216
98.6667
97.2973
100
98.6667
97.3333
97.9452
97.9866
97.9452
95.3333
97.2028
99.3333
97.9866
97.3333
97.2603
96
100
99.2857
97.8417
98.6395
96.5517
97.3333
97.2603
98
99.3197
98
98.6395
96.6667
98.6207
97.3333
97.9452
98.6207
99.3007
97.1831
97.8261
96
99.3056
98.6486
98.6301
96.3235
98.4733
94.6309
95.7447
96
100
97.3333
95.8904
96.6667
97.931
97.8102
97.0149
97.973
100
97.8102
97.7612
97.8417
97.7941
98
98.6395
96.5517
95.7143
97.8102
97.7612
96.5278
98.5612
97.3333
97.2603
98.6667
97.973
96
97.2222
96
97.2222
95.8042
97.0803
97.7778
100
98.5185
100
95.8042
100
99.3151
98.6207
97.0803
99.2481
98.5714
100
98.6667
96.6216
98
100
98
99.3197
98
97.9592
97.3333
98.6301
98
97.9592
97.1631
97.8102
99.2537
97.7444
99.2366
96.9231
98.5294
97.0149
98.5294
97.0149
98.4375
99.2063
98.3607
98.3333
99.1935
94.3089
96.3504
97.7273
95.3333
97.9021
97.7778
96.9697
96.6667
98.6207
97.7941
96.2406
96.7742
97.5
96.8254
95.9016
97.6744
98.4127
97.0149
98.4615
98.4848
97.6923
96.9466
97.6378
97.6562
98.4
97.479
97.4138
96.5812
99.115
97.3214
98.1651
95.9016
98.2906
98.3051
99.1379
98.2609
98.2301
98.3871
99.1803
98.5816
97.8417
96.6667
97.931
96.6667
97.931
98.6667
98.6486
96
96.5278
98.6667
97.973
99.2754
98.5401
96.5278
98.5612
97.7941
96.2406
97.8261
97.037
97.2973
100
99.2424
96.9466
94.3262
97.7444
100
97.5806
98.5294
98.5075
99.2248
98.4375
99.2958
97.8723
98.5294
98.5075
97.7612
99.2366
96.6667
98.6207
99.2593
97.7612
100
98.4496
99.2308
99.2248
98.4496
98.4252
98.3193
100
97.4138
99.115
99.1228
100
100
98.2456
100
100
98.3333
98.3051
98.374
99.1736
98.4375
99.2063
99.2481
99.2424
100
97.1223
95.8621
97.8417
97.3333
98.6301
96.6667
99.3103
97.3154
97.931
97.8723
97.8261
97.7612
97.7099
98.3471
95.7983
99.1597
97.4576
98.2456
97.3214
97.3913
98.2143
99.0991
97.2727
99.1304
98.2456
99.0741
100
97.4576
99.1304
100
100
100
100
100
100
100
100
99.1736
100
99.2126
96.0317
98.3471
99.1597
97.479
99.1379
98.4127
100
100
99.2593
100
100
100
99.2063
99.1379
100
100
99.1667
100
99.1736
100
100
100
100
97.3333
99.3151
99.3103
98.6111
99.2188
100
98.3871
98.3607
100
98.3607
97.4576
99.1304
99.115
100
100
100
100
98.2906
99.2063
99.2
97.3333
98.6301
100
99.2063
98.3471
99.1597
96.124
98.3871
98
99.3197
97.8571
98.5401
99.3243
99.3197
99.2701
98.5294
99.2537
100
99.3007
100
98.6014
100
96.6667
98.6207
98.6667
99.3243
97.2414
98.5816
99.2366
97.6923
100
100
99.1304
100
99.1736
99.1667
98.4733
100
100
97.3333
97.9866
98.6301
99.2593
98.5075
97.6923
99.2126
96.875
98.3871
99.1379
99.1304
99.1597
100
98.6667
98.6486
99.2126
98.4127
97.479
100
99.1935
99.187
100
100
98.3607
100
100
96.6942
97.561
100
98.3871
100
97.6
99.1803
98.4252
100
99.2063
97.6
96.8254
100
100
99.1803
98.4615
100
100
98.6577
96.6443
97.9167
99.2366
98.4615
98.3471
95.7983
99.2063
99.2
98.6667
97.2973
98.6395
99.3103
98.6486
97.9452
98
98.6395
96.6667
99.3103
100
99.2701
99.2806
96.3768
96.6216
97.9021
100
98.5915
98.5294
99.2537
98
98.6395
97.8417
100
98.5075
98.4848
99.2537
100
98.6207
98.6014
98.5075
98.4848
98.5714
99.2754
99.2647
100
99.2806
96.3768
97.619
96.748
99.2
99.1935
99.2308
97.6744
97.3333
99.3151
97.8102
99.2537
99.2593
100
100
98.4848
97.6744
99.2063
100
98.4375
99.2188
98.4252
99.2481
97.7273
96.9925
98.4496
100
97.619
100
100
100
100
99.2248
99.2188
100
100
100
99.2248
100
100
97.7099
98.4375
99.2366
98.4615
96.6667
97.931
98.6667
100
97.8873
100
99.3056
100
98.6667
100
99.3333
100
96.6667
100
99.3333
100
98.6667
97.973
98.6667
99.3243
98.6667
98.6486
98.6667
98.6486
99.3333
98.6577
98
99.3197
98.6014
99.2908
98.6667
97.2973
97.2973
99.3056
99.3333
98.6577
99.3333
97.9866
97.3333
99.3151
99.3007
99.2958
99.3333
99.3289
100
98.6395
98.6667
98.6486
97.3333
98.6301
99.3333
98.6577
98.5714
100
98.6667
99.3243
98.6014
98.5816
100
98.5714
98.5185
99.2481
98.5185
96.2406
97.0149
100
99.2424
99.2366
100
100
96.2406
99.2188
99.2481
100
98.5612
99.2701
99.2754
98.5401
100
99.2537
98.5915
96.4286
98.5612
96.3504
96.2687
99.2248
98.5075
100
100
99.2754
98.5714
99.2754
97.8417
99.2647
97.3333
98.6301
98.6301
98.6111
97.0149
100
97.037
99.2366
96.3504
97.7273
97.1014
98.5075
98.5185
100
100
98.4496
99.187
95.9016
98.3871
100
97.6744
98.4127
97.6562
99.2
99.2
99.1935
100
99.1803
97.6
98.3607
96.7213
96.6102
96.9231
97.619
98.3607
100
97.5207
98.3051
98.3333
95.7627
98.2609
99.115
99.0991
98.1818
99.1228
99.115
100
99.187
99.1379
97.3913
98.1982
99.0826
98.1982
99.0826
96.4912
99.0909
99.1379
100
97.5806
98.3471
95.5752
100
98.1481
99.0566
100
100
100
99.0909
97.2477
98.1132
99.0741
100
100
95.3271
97.2222
99.0476
99.0741
100
98.6111
97.8873
97.479
98.2759
99.0991
99.0909
100
100
99.0826
100
98.2143
100
100
100
96.5517
99.1071
99.0654
98.1132
98.0769
100
99.0741
100
100
99.0099
100
98.2301
98.2609
99.115
100
100
100
99.0991
99.1228
100
98.1982
100
98.1982
98.1651
99.0476
95.1923
98.0392
97
99.0291
97.0588
95.9596
97.8947
97.8947
98.9247
98.0583
100
98.9691
100
100
100
98
100
100
100
98.9691
98.9583
100
100
98.0583
100
99.0476
100
99.0654
99.0566
99.0566
98.0952
99.0741
99.0654
99.0909
99.0826
99.1304
100
100
100
100
99.1597
96.2963
98.0769
99.0654
98.1132
100
98.4848
98.4733
98.4496
98.5075
99.2424
99.1525
99.1453
98.374
97.5207
99.1071
100
99.1597
99.1525
100
99.2248
97.6744
98.4127
100
98.2906
99.1803
99.1736
98.4
100
94.3548
100
98.4127
99.1935
100
100
98.4375
99.2063
100
98.4375
99.1525
99.1453
95.9016
96.5812
98.3051
99.1379
98.5612
100
97.8417
99.2647
98.5507
98.5294
99.2188
98.4252
100
99.1935
97.3333
98.6301
99.2126
99.2063
97.3333
97.9452
97.8102
97.7612
99.1667
100
100
98
99.3333
100
97.7099
100
98.5401
99.2593
100
97.6744
100
97.561
99.1736
97.5
100
99.1304
99.1453
97.4138
96.4286
99.0741
100
98.2143
100
99.0741
100
99.1453
95.4545
98.0952
99.0566
98.0952
98
100
97.3913
100
100
100
97.1698
100
100
99
100
100
99.2248
100
98.2759
100
99.115
100
99.0826
99.0741
100
98.2301
100
98.2759
98.2759
100
99.1525
100
98.374
100
100
100
98.6667
97.973
99.2308
98.4496
99.2248
99.2188
97.9021
100
99.2754
96.3504
99.2908
95.7143
97.1831
97.8261
98.4496
99.2126
97.5806
99.1736
99.187
99.1803
100
100
100
100
99.2126
99.2063
99.2063
98.4
95.9677
99.1597
96.9231
100
100
99.2
99.2
99.1935
100
99.2593
99.3333
98.6577
99.2701
98.5294
99.2188
100
98.5294
99.2537
98.4733
97.6744
96.7213
96.6102
97.5
99.1453
100
98.3193
95.9677
100
98.3193
98.2906
100
99.2063
98.374
100
100
99.1803
98.374
98.3471
99.2
99.1935
99.3333
98.6577
98.5185
98.4962
99.3151
96.5517
97.6923
99.2126
99.187
100
98.3333
99.1525
99.1597
99.1525
99.1736
99.1667
98.3333
100
98.4
98.374
100
97.5207
100
97.3684
97.3684
98.1982
100
98.1481
100
100
100
100
98.4
99.187
98.3471
99.1597
99.1803
100
99.1453
100
100
99.1736
99.2188
97.6378
99.2248
100
98.3193
100
100
100
99.187
98.3607
98.3471
99.1597
98.3871
100
100
97.6562
98.4496
96.8504
97.5207
98.3051
95.9016
99.1453
97.4359
99.1228
100
100
100
100
100
99.1667
99.1803
98.3471
99.1597
99.1525
96.8
99.1736
98.4848
100
100
100
96.2963
97.6923
97.6
100
100
100
97.541
98.3193
99.1304
100
100
100
100
100
99.1379
99.1304
100
100
99.2
99.1935
99.1453
100
96.5517
99.1071
100
97.2973
98.1651
100
99.0741
100
100
100
98.3471
99.1597
98.3193
100
99.1071
99.0991
100
99.1667
99.1453
100
98.3051
99.1379
97.5
100
99.0826
99.0741
98.1982
99.0826
100
100
99.1228
100
100
100
99.115
98.2143
99.1803
99.1736
99.1453
98.2759
99.1803
97.5207
98.3871
99.1803
97.4138
100
100
99.1453
98.3193
99.1453
99.1667
99.1597
100
100
98.2456
97.3214
99.0741
100
97.561
100
100
100
100
99.2481
98.4848
99.2308
99.2701
98.5294
99.2537
100
100
98.4252
99.2248
100
100
98.3607
99.187
100
99.2063
98.4
100
99.1736
99.187
99.1803
97.6744
98.4127
96.8254
100
100
99.1597
99.1935
100
99.187
100
99.2537
100
100
100
97.8417
100
99.2647
99.2593
100
98.5401
97.9452
99.3007
99.2593
100
100
100
100
100
100
99.2537
98.4375
98.4127
99.2701
96.3235
99.2063
97.6
99.1803
100
97.6378
100
100
98.4375
100
100
99.1525
100
99.1453
100
99.1597
100
99.187
100
99.1525
98.2906
98.3193
97.4359
100
99.115
99.1304
100
99.1379
100
100
98.2759
97.4138
100
98.4615
98.4375
99.2
100
98.374
100
99.2
99.1935
98.4
99.187
99.1736
99.1667
98.3471
99.1597
99.2188
100
99.2126
100
95.7447
100
100
98.4252
99.3333
98.6577
100
100
100
99.1667
99.1525
100
98.3051
100
100
99.1667
100
99.187
99.1379
98.2609
94.7826
99.0826
100
100
99.1667
100
100
100
100
99.2
99.1935
100
100
99.1803
99.1803
100
100
99.115
99.1667
100
98.2906
99.1304
100
99.1736
98.2759
100
100
100
99.1071
100
97.5207
98.3051
97.4138
100
98.2143
99.0909
100
99.0909
99.0741
100
100
100
97.2477
100
100
99.1667
99.1525
99.1453
99.1379
98.2609
100
99.1379
99.1597
97.4576
98.2456
98.2143
100
98.2456
99.115
100
98.3871
99.1803
97.6562
100
99.1453
100
99.1525
99.1453
99.1379
100
98.3607
98.3333
98.3607
100
100
97.4359
99.2
97.5806
100
99.1525
100
98.3193
99.1803
98.3471
100
100
99.1071
98.1982
100
99.1228
99.1071
100
100
99.1379
100
99.2188
95.9016
99.1453
100
99.187
99.187
100
99.1525
100
98.6301
97.9167
99.2248
96.875
99.1379
100
99.1935
100
100
99.115
100
99.0991
100
98.2301
98.2143
100
99.1071
100
99.1071
100
99.0826
100
100
98.1818
98.2456
97.3214
100
99.1304
100
100
95.9016
100
98.3193
99.1453
96.6102
99.1228
99.1228
100
99.1071
100
100
98.2906
99.1071
99.0991
99.1667
99.1597
99.1453
100
99.1304
99.1228
100
98.2759
98.2759
100
100
99.1453
99.187
99.1803
98.4962
99.2366
100
98.3333
100
99.1597
99.1453
98.2759
98.2609
98.2301
99.1071
99.0991
100
99.1525
100
100
98
98.6395
96.875
100
99.1736
99.1667
99.2126
99.2063
98.4962
99.2366
98.3607
99.1667
100
100
96.7742
100
99.2
99.1935
100
100
100
96.6667
97.5806
98.3471
96.748
99.1597
97.8571
98.5401
100
98.4127
97.561
100
99.2
99.1935
100
98.3607
98.4127
99.1935
100
100
100
99.1667
100
100
99.1803
99.1736
99.2
98.3871
100
99.2063
97.4576
98.2609
99.1736
100
100
99.1453
99.1525
98.2906
98.2759
99.1228
99.1304
99.1228
97.4576
98.2609
99.1453
96.5517
97.3913
98.2143
98.2301
98.1982
99.1304
100
100
99.1228
99.115
99.1071
100
99.0909
97.3913
100
100
100
99.1379
100
99.1525
96.5812
99.1304
99.1228
96.6102
99.1228
99.1935
100
100
99.1525
100
99.1667
98.3871
97.541
98.3871
100
99.1736
100
100
100
96.8
100
99.2
100
96.8254
100
100
100
99.187
100
99.2593
99.2537
98.4848
98.4615
99.1935
99.187
99.1935
100
99.187
100
100
100
97.7099
98.4375
98.4252
100
99.2248
100
99.2188
100
100
100
98.4375
98.4127
98.374
100
100
100
100
100
100
99.3333
99.2647
100
97.7099
100
99.1803
100
100
100
100
99.2481
100
100
97.7612
100
98.4733
100
100
99.2
99.3333
98.6577
100
99.3007
99.2958
100
100
97.8261
100
99.2857
100
99.2647
99.2701
99.2647
98.5507
97.0588
98.5075
98.4848
97.0149
98.4615
99.2308
99.2248
97.6923
100
97.6923
99.2126
98.6207
99.3007
99.2308
100
100
99.2366
99.2063
98.4
100
98.4496
95.5224
98.4375
99.2424
100
98.4962
100
99.2424
98.4733
96.124
100
96.8504
99.187
100
99.1736
100
99.1525
98.3607
100
99.1803
99.1736
99.2188
98.4252
99.1667
99.1597
99.1803
97.5207
99.1803
98.3471
98.3471
100
100
99.2126
97.619
100
97.7099
99.2188
99.2063
100
99.2248
99.2188
100
99.2
97.037
99.2366
98.4375
99.2063
99.2248
98.4375
99.1935
99.187
100
100
97.619
99.187
97.8102
99.2537
100
100
100
100
97.8723
99.2754
99.3056
97.9021
98.5401
100
98.6395
98.6207
100
98.5294
99.3197
99.3151
100
100
99.2754
98.5401
99.2188
99.2126
100
98.5915
100
100
98.6014
100
100
99.2537
99.2537
99.2481
96.3768
99.2481
100
98
99.2537
99.2481
100
100
99.2806
100
100
98.5612
100
97.8102
100
97.7941
98.4496
98.4252
100
100
99.2188
97.6378
96.8254
99.1803
98.374
98.3471
99.1803
99.1736
98.4375
100
99.2537
100
100
100
98.4848
99.2308
100
99.2188
97.6378
98.3871
100
100
100
99.1736
99.1453
99.1379
97.4576
100
100
99.1304
98.2609
99.115
100
96.4912
99.0654
99.0566
98.1982
100
100
100
99.1228
100
98
99.3197
98.6577
100
97.8417
100
99.2188
99.2126
99.1803
100
100
100
99.1935
98.374
99.187
100
100
100
98.4733
98.4496
97.6562
100
96.8504
99.187
98.2609
99.115
100
100
100
100
98.3871
100
100
100
99.2701
100
99.2647
99.2593
100
100
99.2754
97.0803
97.0149
100
97.037
99.2366
98.4252
100
100
99.2
100
99.2
98.3607
100
100
98.4733
98.4127
100
100
99.2308
100
97.619
99.2188
99.2126
98.4375
100
96.8254
98.3607
99.2188
100
100
100
100
100
98.5401
97.037
97.6923
99.2126
100
100
100
100
98.4375
97.619
96.748
96.6387
99.1304
100
99.1597
99.1525
99.1304
100
100
99.1228
99.1379
99.1304
99.1935
100
100
100
99.2188
100
100
99.2248
99.2063
100
99.2063
98.4
100
99.2
98.374
97.5207
96.8254
99.1803
100
98.3871
97.6378
100
98.4252
99.2
97.6562
100
100
99.187
97.4359
99.1228
98.2906
99.1304
99.1935
99.187
100
100
98.2759
100
97.2973
99.0741
100
99.1228
96.2963
97.1154
98.1132
100
100
98.1132
99.0826
95.3704
100
100
97.1963
99.0385
99.0566
100
99.0654
98.1132
97.6378
100
99.187
98.3607
99.2126
100
99.2063
98.4
96.7742
99.1667
100
98.3871
99.2
96.7742
96.6942
98.2906
97.5207
99.1525
100
98.3051
99.1667
98.3193
97.6
100
97.6
98.3607
99.1525
99.1453
100
99.187
98.3051
100
97.3684
100
100
99.0991
98.2759
97.3684
98.4733
97.6744
97.5207
100
100
100
98.4127
100
100
97.541
97.4576
100
98.2759
100
97.6
99.1803
96.8
99.1736
98.3333
99.1525
98.4
99.187
99.1525
100
99.1667
100
99.1736
100
100
100
97.6562
99.2
100
100
100
100
100
97.6562
96.7742
99.1667
99.1525
99.1453
98.374
100
100
99.2647
100
100
98.5507
100
97.6
100
98.3471
100
100
100
100
99.2063
100
99.1935
98.374
100
100
100
100
99.2
100
96.8254
99.2248
100
100
100
99.2248
99.2188
98.4733
100
99.2248
100
100
97.7099
97.6562
98.4
100
100
99.3333
100
98.5294
100
100
99.2537
99.2248
100
99.2308
100
99.2424
98.4733
99.1935
100
100
100
100
98.5915
100
97.9866
98.5294
100
97.8417
98.5294
98.4962
100
100
100
100
99.2481
98.5816
100
97.2603
98.5915
99.2958
99.2908
100
98.5612
99.3151
100
98.6577
100
98.6667
100
100
97.2789
99.3151
100
100
99.3333
98.6667
100
98.6667
99.3243
96.5986
100
99.3243
99.3197
100
97.973
100
100
100
100
99.3333
100
100
100
100
98.6667
98.6577
99.3197
98
99.3197
97.3333
97.9452
100
100
99.3243
100
99.3289
100
100
99.3333
99.3243
100
98.6486
99.3151
99.3243
99.3197
99.3333
97.9866
100
100
99.3333
100
99.3333
99.3289
99.3333
99.3289
98.6486
100
99.3333
99.3289
99.3151
100
99.3333
100
100
100
99.3333
100
100
98.6667
100
98.6667
98.6667
99.3243
97.3333
100
100
100
99.3333
99.3289
100
99.3333
100
100
100
100
100
99.3333
100
100
99.3333
100
99.3333
98.6577
98
99.3197
98
99.3197
99.3333
100
99.3333
100
97.3333
99.3151
96.6667
100
99.3333
98.6577
99.3333
98.6577
100
100
98.6667
99.3243
98.6667
97.973
98
97.9592
99.3333
100
98.6667
99.3243
100
99.3333
99.3333
97.9866
99.3289
100
100
99.3333
99.3333
98.6577
100
99.3333
100
98.6667
98.6667
97.973
97.3333
97.9452
98.6667
98.6486
98.6667
99.3243
100
100
98.6667
98.6486
98
99.3197
98
99.3197
100
98.6667
99.3333
99.3289
100
100
98
98.6395
97.3333
98.6301
100
98
98.6667
100
97.3333
100
100
98
96.6667
100
99.3333
99.3289
98.6667
98.6486
99.3333
100
98
98.6395
97.3333
99.3151
98
97.2789
98
99.3197
100
98
98
97.9592
94
98.5816
97.3333
97.9452
98.6667
96.6216
94.6667
98.5915
97.3333
99.3151
98.6667
98.6486
96
97.2222
98.6667
97.973
98
97.9592
98.6667
99.3243
98.6667
97.973
98
97.9592
97.3333
100
99.3333
99.3289
99.3333
97.9866
100
99.3333
98
98.6395
98.6667
97.973
98.6667
98.6486
100
99.3333
98.6667
98.6486
97.3333
99.3151
97.3333
99.3151
98.6667
97.973
98.6667
99.3243
100
98
98.6667
97.973
98.6667
97.973
99.3333
100
99.3333
97.3154
98.6667
99.3243
97.3333
97.2603
99.3333
99.3289
98
97.2789
97.3333
100
98
98.6395
97.3333
97.9452
93.3333
99.2857
97.3333
96.5753
96.6667
97.931
96.6667
96.5517
97.3333
97.9452
97.3333
97.2603
97.3333
97.2603
98
97.9592
95.3333
97.2028
95.3333
97.9021
98
97.9592
97.3333
96.5753
97.3333
97.2603
97.3333
100
98
98.6395
96.6667
99.3103
99.3333
95.302
97.3333
97.2603
98
100
97.3333
97.2603
96.6667
98.6207
99.3333
96.6443
94.6667
99.2958
98
97.9592
98
96.5986
97.3333
99.3151
97.3333
97.2603
95.3333
97.9021
97.9592
99.3056
97.931
96.4789
97.973
97.931
98.6667
97.973
96.6667
97.2414
96
99.3056
97.3333
97.9452
95.3333
98.6014
96.6667
97.931
97.8261
97.7778
99.3333
95.9732
97.3333
95.2055
98
95.2381
96.6667
95.1724
94
97.8723
97.2973
98.6111
96.6667
96.5517
95.2381
98.5714
96.6443
97.2222
97.0149
97.6923
98.5714
98.5507
100
98.5816
97.8261
98.5185
96.4286
98.5185
97.3333
97.2603
98.5075
99.2424
97.0149
97.6923
98.4375
97.619
98
97.9592
97.7444
99.2308
95.5556
96.8992
95.9677
99.1597
96.6667
98.2759
95.6204
98.4733
99.3103
97.9167
95.9732
98.6014
98.6667
97.973
99.3333
95.9732
99.3289
97.973
96.4789
98.5401
94.8148
97.6562
96.9697
97.6562
98.5294
97.7612
98.5401
97.037
98.5401
95.5556
94.8905
97.6923
98.4127
96.7742
96.9466
97.6378
98.5185
97.7444
97.8261
97.037
95.6204
96.1832
95.4887
98.4252
98.6486
97.9452
94.8905
96.9231
95.4198
97.6
98.4733
96.8992
96.6443
97.9167
99.2806
99.2754
98.5714
97.8261
98.4496
97.6378
97.0149
96.9231
97.6378
96.7742
100
97.9167
95.1049
99.2647
97.2603
98.5915
95.302
99.2958
98
97.2789
97.9592
98.6111
97.7941
99.2481
99.2806
95.6522
96.5278
98.5612
98
97.9592
94.6667
99.2958
97.3154
99.3103
96
98.6111
97.9021
98.5714
96.5035
97.8261
99.2857
98.5612
97.8873
98.5612
97.3333
99.3151
99.3333
97.3154
97.3333
97.2603
97.3333
99.3151
97.3333
98.6301
98
97.9592
98.6667
97.973
99.3333
97.3154
98
99.3197
98.6667
96.6216
98
98.6395
95.3333
97.9021
98
98.6395
98
96.5986
97.2603
98.5915
97.2414
97.1631
98.6111
98.5915
97.1014
94.7761
96.1832
98.4127
97.0149
99.2308
96.4029
97.7612
97.2789
98.6014
97.973
97.931
98
97.9592
96.6667
96.5517
94.5205
98.5507
100
98.5075
97.3333
100
97.973
98.6207
97.1014
97.0149
98.5507
98.5294
98.6014
96.4539
93.617
99.2424
97.7778
97.7273
97.7099
97.6562
97.541
98.3193
96.9466
97.6378
97.6923
98.4252
98.6577
95.9184
95.9459
98.5915
96.6667
99.3103
97.8571
98.5401
97.2973
99.3056
98.5714
98.5507
98.6667
98.6486
95.1049
98.5294
96.5517
97.1429
99.3243
97.2789
98.6301
95.8333
96.6667
97.2414
94.2857
97.7273
96.6667
98.6207
96.6443
97.9167
96.6667
97.2414
97.3333
98.6301
94.2446
99.2366
96.8504
98.374
97.6744
95.2381
95.4198
98.4
97.7273
97.6744
96.6667
99.3103
99.2908
96.4286
97.7778
98.4848
99.3333
99.3289
99.2857
95.6835
96
95.8333
97.1631
98.5401
97.9167
96.4539
97.037
96.1832
97.2973
96.5278
96.3768
98.4962
96.5035
98.5507
98.6014
97.8723
99.3243
96.5986
94.5946
100
95.3333
98.6014
98
95.2381
95.8042
96.3504
96.6667
97.2414
98.6395
97.2414
97.2789
97.9021
97.7612
98.4733
97.3154
97.2414
97.9592
97.9167
97.7612
100
99.2857
96.4029
98.5612
98.5401
97.7612
100
97.8873
97.8417
97.8102
99.2537
98.6301
97.9167
98.5816
97.8417
96.6216
100
98.6577
99.3197
97.3333
98.6301
97.3333
100
99.3333
97.9866
98.6667
96.6216
98
97.9592
97.2973
99.3056
99.3056
99.3007
100
96.6667
96
97.9167
98
97.2789
99.3333
100
98
99.3197
98
100
98.6486
99.3151
97.3333
99.3151
97.9452
97.2028
97.1631
98.5401
97.973
97.931
98.6667
98.6486
96.5278
97.8417
98.6111
96.4789
95.8042
98.5401
99.3289
98.6486
96.6667
96.5517
98.6667
99.3243
99.3007
97.8873
96.6667
96.5517
97.3333
100
97.3333
98.6301
97.3333
98.6301
96.6667
96.5517
97.3333
97.9452
99.3333
96.6443
97.3333
98.6301
98.6667
97.2973
97.3333
99.3151
97.3333
98.6301
98.6667
95.9459
97.3333
97.2603
97.3333
97.2603
98
97.9592
98.6667
96.6216
98.6667
97.973
98
97.9592
98
97.2789
96
98.6111
98.6667
97.2973
98.6667
99.3243
100
98.6667
96.6667
99.3103
95.3333
99.3007
97.3333
97.2603
97.3333
95.8904
97.2414
97.1631
98
96.5986
97.9167
97.8723
97.9866
96.5753
97.3154
98.6207
98
94.5578
96
95.8333
98
97.2789
96.6667
99.3103
97.931
97.1831
98.6207
97.2028
97.3333
97.9452
96.6667
95.8621
99.3243
94.5578
98.6667
99.3243
97.9452
98.6014
96
95.8333
96.6667
97.931
96.6667
97.931
96.6667
100
97.3333
98.6301
96
99.3056
97.3333
97.2603
96.6667
96.5517
100
97.3333
98.6301
98.6111
100
96.5986
97.2222
98.5714
97.7778
95.4545
97.0588
98.4848
96.6667
99.3103
99.3333
97.3154
97.3333
98.6301
98
97.9592
97.3333
100
98.6667
97.2973
97.3333
98.6301
99.3333
95.302
97.3333
98.6301
99.3243
99.3197
97.973
97.2414
98.6667
97.973
98.6014
97.1631
96
96.5278
98.5401
98.5185
95.6835
100
99.2754
97.8102
97.8261
97.037
96.9697
98.4375
97.7941
98.4962
96.2687
99.2248
94.0299
97.619
100
96.2406
97.1429
98.5294
94.1606
98.4496
100
98.6111
97.1631
98.5401
97.8723
99.2754
97.9167
98.5816
97.9167
97.1631
96.5517
97.1429
97.7612
97.7099
95.3333
99.3007
98
97.2789
98.6667
98.6486
98.6395
97.2414
97.8723
97.8261
99.2647
98.5185
97.2414
99.2908
99.3103
99.3056
97.9452
97.2028
95.9184
98.5816
98
97.9592
98.6667
95.9459
97.2414
95.7447
97.8723
97.8261
95.9184
97.8723
97.9021
97.8571
94.9275
97.7099
96.6667
98.6207
96
97.9167
95.3333
99.3007
96
97.9167
98.6667
98.6486
96
98.6111
97.037
97.7099
97.7444
96.9231
99.2754
98.5401
96.2121
98.4252
98.4
97.561
99.1935
95.935
96.8992
96
97.619
95.122
93.75
100
96.9697
100
96.8
100
98.4127
98.3871
96.063
98.3607
98.6667
97.2973
96.6667
97.2414
97.2973
99.3056
97.9452
97.2028
98
97.9592
98.6667
97.973
98
97.9592
98
98.6395
97.3333
98.6301
98
98.6395
97.9167
97.8723
97.9866
100
96
98.6111
97.3333
97.2603
96.6667
97.931
98
98.6395
98
98.6395
96
97.9167
98
99.3197
96
97.9167
98
97.2789
98
97.9592
97.3333
97.2603
100
96.6667
97.8873
100
98.6395
95.8621
96.6667
97.2414
97.8873
99.2806
95.7746
99.2647
97.3333
99.3151
98
97.2789
97.1014
97.7612
97.3154
98.6207
96
97.9167
97.9866
99.3151
97.3333
97.2603
98
99.3197
98
97.2789
96.6667
96.5517
97.2603
99.2958
96
98.6111
97.3333
99.3151
98
97.2789
97.3333
97.9452
98
97.9592
98.6667
97.2973
98
97.2789
98
98.6395
96.6216
97.9021
99.3333
99.3289
98.6667
98.6486
97.3333
98.6301
99.3103
98.6111
97.1831
99.2754
97.3333
97.9452
97.2603
96.4789
96.4029
98.5075
97.8873
99.2806
98.5816
96.4029
99.2593
97.0149
99.2754
97.8102
98
98.6395
97.3333
97.9452
97.3333
98.6301
96.4539
99.2647
99.2754
100
97.1631
98.5401
96.4286
97.7778
100
97.8873
97.3333
97.9452
98.6207
99.3007
97.3154
98.6207
97.3333
97.9452
98
98.6395
96
98.6111
98.6667
95.9459
96.6667
97.931
96.6667
100
98.6667
97.2973
98.6667
94.5946
97.3333
99.3151
100
98.6667
95.2703
99.2908
98.6667
97.2973
99.3333
97.9866
97.3333
100
99.3197
98.6301
97.9866
97.9452
98.6667
98.6486
97.973
97.931
96.6667
97.931
97.3333
97.9452
100
97.8873
99.3056
97.9021
97.3333
97.2603
98
98.6395
98.6667
97.973
97.3333
99.3151
98.6667
98.6486
98.6667
99.3243
97.3333
99.3151
98
98.6395
98.6667
100
98.6667
98.6486
99.3333
100
97.3333
99.3151
96.6667
97.931
98.6667
99.3243
97.3333
97.2603
97.3333
98.6301
96.6667
98.6207
98
98.6395
95.3333
98.6014
96.6667
99.3103
96.6667
97.931
96.6667
97.2414
98.6667
95.2703
95.3333
96.5035
96
97.2222
94.6667
99.2958
96
98.6111
96.6216
96.5035
95.0704
98.5185
95.4887
97.6378
96.2687
96.8992
95.8333
99.2754
97.8571
97.0803
96.6667
97.931
97.3333
98.6301
97.3333
95.8904
94.6667
98.5915
96
98.6111
98.6667
97.973
96.6667
98.6207
96.6667
97.2414
96.6667
98.6207
96.5986
98.5915
95.3333
99.3007
99.3007
99.2958
96
96.5278
97.3333
97.2603
95.2381
99.2857
98
97.2789
96.6667
97.2414
98
97.9592
95.302
97.8873
97.3333
99.3151
98
97.9592
98
96.5986
97.3333
97.9452
98
98.6395
94.6667
97.1831
96.6443
96.5278
97.2222
99.2857
95.9459
96.4789
95.9459
98.5915
96.6667
98.6207
98.6486
95.8904
97.3333
99.3151
96
99.3056
98.6667
98.6486
96.6667
96.5517
96.6667
96.5517
97.1631
95.6204
96
97.2222
96.2121
98.4252
96.5753
96.4539
96.6667
98.6207
98.6301
95.8333
98.5915
98.5714
97.3333
98.6301
97.9021
96.4286
96.3504
98.4848
96.9697
96.875
96.063
99.1803
95.5224
99.2188
100
97.6378
97.7612
99.2366
97.3333
100
99.3333
97.9866
99.3333
96.6443
98.6667
100
99.3333
93.9597
96
97.9167
96
97.2222
96
97.9167
96.3235
97.7099
94.4444
98.5294
95.302
98.5915
96.5517
98.5714
97.7778
99.2424
99.2647
97.7778
97.7099
97.6562
96.8
98.3471
95.4198
98.4
96.1832
96.0317
94.8905
98.4615
94.6154
99.187
96.875
98.3871
96.124
98.3871
95.5224
98.4375
98.4252
99.2
100
98.4962
97.037
98.4733
97.7778
96.9697
94.9275
95.4198
96.2121
98.4252
98.2609
94.6903
98.2759
94.7368
97.3684
98.1982
96
98.3333
98.5612
96.3504
96.2687
99.2248
96.1832
96.8254
97.7444
97.6923
97.541
98.3193
98.3607
96.6667
98.3051
100
99.1379
100
98.2456
98.2143
96.7213
97.4576
95.7983
98.2456
99.1525
100
98.4496
99.2126
95.302
98.5915
99.2647
97.037
95.5882
97.6923
96.875
98.3871
98.4496
99.2126
98.374
98.3471
100
99.1228
95.122
100
98.5185
99.2481
98.4962
98.4733
99.2
100
100
97.8417
97.9592
97.9167
99.3333
97.3154
96
97.2222
97.7778
97.7273
98.3871
100
99.2126
98.4127
99.2701
97.7941
97.3333
97.9452
97.8723
97.8261
100
96.6667
97.0588
98.4848
97.0149
98.4615
96.3235
96.9466
96.124
97.5806
97.6923
97.6378
97.8571
96.3504
95.4545
97.619
95.3846
99.1935
100
96.2406
96.2687
99.2248
96.1832
100
96.8992
97.6
97.541
96.6387
97.3333
97.2603
96
97.9167
97.3333
97.9452
98
97.2789
98.5816
98.5612
97.7444
97.6923
97.6562
98.4
98.4252
97.6
100
97.6744
98.3051
100
97.5207
99.1525
99.1453
99.1379
100
98.3607
100
99.1379
100
98.3051
100
100
99.1935
99.187
97.561
97.5
100
99.1736
97.561
96.6667
97.479
99.1379
96.9925
99.2248
98.3871
96.7213
99.2063
100
97.541
99.1597
96.748
100
96.124
99.1935
98.3333
99.1525
97.7778
98.4848
99.2481
100
100
99.2188
97.5806
99.1736
98.4496
98.4252
97.5
100
99.1935
99.187
98.4252
98.4
100
96.0938
97.5207
100
94.4
96.6102
95.0413
100
97.619
100
99.1667
98.3193
100
98.3193
97.479
97.4138
98.3871
99.1803
99.1525
96.5812
99.0909
97.2477
100
99.0741
98.2456
99.1071
99.2126
98.4127
99.1667
98.3193
100
98.3193
99.1736
99.1667
99.2188
99.2126
99.2366
98.4615
99.1935
95.935
96.9925
98.4496
97.0588
100
97.8261
97.037
95.1389
100
98.6207
100
99.2806
98.5507
99.3289
97.973
98.5612
100
100
98.4962
100
100
99.2647
98.5185
99.2481
99.2424
98.5075
100
98.5075
99.2424
99.2424
96.9466
99.2424
98.4733
98.5185
100
99.2424
98.4733
99.2188
98.4252
97.6378
100
97.5207
100
100
100
97.6378
99.1935
100
99.1525
96.6942
99.1453
98.3471
100
99.1228
100
99.115
99.1071
97.3451
98.1818
99.1525
97.4359
99.1453
98.2759
100
100
98.3193
99.1453
96.6387
100
99.115
97.3214
100
99.1453
97.3913
100
99.1379
100
97.5
100
100
100
99.1304
100
100
100
100
99.1803
98.4252
99.2
99.1935
96.748
98.3607
100
99.2063
99.2
100
99.2248
99.2
100
100
100
99.187
99.1803
99.1228
100
99.1453
100
98.2759
99.1228
98.2759
98.2456
98.2906
99.1304
98.2609
100
100
100
99.2188
98.4252
97.561
97.5
97.6744
100
100
98.4
99.2958
97.8723
98.3471
100
100
99.1525
97.4576
96.5217
98.2609
99.115
100
97.1831
99.2481
99.2424
97.561
100
100
98.4127
98.3193
98.2906
98.2609
98.2301
98.1982
99.0826
97.2789
97.9021
99.2593
100
97.5806
97.5207
99.1525
100
99.1304
100
97.4138
100
100
100
99.0654
99.0566
98.1132
99.0385
100
99.0826
100
100
98.3333
96.6102
97.8102
98.5075
100
98.3333
100
99.3333
100
97.3333
100
99.1803
96.5517
100
99.1736
99.1667
99.1667
100
100
100
99.1071
100
100
100
97.7099
99.2188
98.4
100
99.2958
99.2908
98
97.9592
96.6667
100
98.5401
98.5185
99.2593
99.2537
98.4733
100
99.2424
99.2366
96.5278
98.5612
98
99.3197
98.5915
99.2857
99.2647
99.2593
100
97.8102
99.2366
96.9231
97.8417
99.2647
97.931
97.8873
100
100
100
100
100
99.2424
100
99.1803
99.2126
99.2063
100
98.4733
100
100
99.2063
97.6
96.8
99.1736
99.1736
99.1667
99.2
99.1935
96.8992
100
98.4615
100
96.9466
99.2126
99.1667
99.1597
99.2
99.1935
98.4375
100
100
96.124
97.6562
97.6
95.2
100
97.6
99.1803
98.3607
98.3333
97.037
99.2366
98.4496
99.2126
100
99.2188
98.5294
98.5075
98.4252
99.2
99.2647
98.5185
98.4962
100
96.1832
97.619
97.561
99.1667
96.0317
99.1736
99.1379
100
100
98.3051
97.5207
99.1525
99.2126
97.619
98.4615
97.6562
98.4375
98.4127
96.8992
98.4
97.6562
98.4
97.8261
98.5185
100
100
98.6014
97.8723
100
99.2754
99.2481
99.2424
98.5401
98.5185
98.4962
99.2366
99.2063
100
100
97.5806
97.8261
100
98.6395
97.931
97.7941
100
100
99.2188
100
98.4496
100
99.187
98.6667
98.6486
99.2754
99.2701
98.4848
100
100
98.4375
99.1525
100
97.4138
99.115
100
98.2609
98.3193
99.1453
100
99.1453
100
100
98.3607
100
97.3913
100
100
100
99.1597
97.4576
99.1525
97.4359
99.1525
98.2906
97.4138
99.115
97.3451
100
99.0741
100
100
100
100
98.1818
98.2301
99.0991
98.1651
100
98.1481
96.2264
98.0583
96.0396
99.1071
97.2973
99.0566
99.0476
100
100
100
99.0566
99.0826
98.1481
100
100
99.0826
99.0741
100
100
100
99.0741
98.0392
98
96.2617
98.0583
98.0769
100
100
100
99.0654
100
99.0566
99.0476
99.0566
99.0476
99.0909
99.0826
99.0385
100
100
99.0476
100
99.0291
99.0476
100
99.0566
99.0476
99.0566
100
99.0654
99.0566
99.1071
98.1982
99.1071
100
100
99.1379
99.0826
99.0741
98.1651
100
98.2456
99.1071
100
99.1228
97.2477
100
99.0991
100
100
99.2063
99.1667
99.1597
100
100
99.2126
99.2063
98.1651
99.0654
98.2301
100
100
98.2759
98.2456
99.1071
98.2143
100
100
99.0991
99.0826
100
98.4615
100
100
98.4733
99.1803
100
100
96.5517
100
99.115
97.6378
100
98.4
99.187
99.1453
98.2759
100
98.1982
100
100
100
100
98.374
100
98.3871
100
98.3051
100
99.187
100
99.2754
99.2701
100
99.2063
98.4615
99.2188
100
97.5
98.3193
99.1453
99.1667
99.1597
100
98.3333
100
100
98.3333
97.4576
97.4138
100
98.6667
99.3243
99.2063
99.2
96.8
97.5207
96.7213
98.3051
99.1453
100
100
99.2424
99.2063
100
98.374
100
98
100
100
97.6744
99.2366
97.6923
98.5507
100
100
99.3333
98.4962
99.2366
99.2424
100
100
100
98.4733
100
99.2063
100
98.4375
100
100
98.4848
98.4252
98.4
99.1597
98.3051
99.1453
100
100
100
100
100
99.2857
98.5612
100
100
100
99.2308
100
98.4496
99.2537
98.4962
99.2754
97.8102
99.2424
100
100
99.2
100
99.2
100
99.1379
99.1304
99.1228
98.3471
99.1597
100
98.3333
99.115
100
99.1803
100
100
99.1736
97.7778
100
98.4
98.374
100
98.6111
97.2222
98.5714
96.1538
100
99.1667
97.479
98.6667
97.973
99.2248
100
100
100
100
100
98.4962
99.2366
98.4
99.187
100
98.2609
100
98.3193
99.115
96.4286
98.2759
100
97.3913
99.1071
99.1736
98.3333
100
99.1803
98.3871
98.3607
98.4496
98.4252
97.5806
99.1736
100
98.4496
99.2593
100
98.4252
98.4
95.3846
98.3871
99.2063
97.6
96.1538
98.4
99.2126
98.4127
97.6562
99.2
97.1014
99.2537
99.2308
96.8992
97.7612
100
100
98.4252
99.2424
97.7099
97.0588
97.7273
97.6923
96.063
99.3333
96.6443
100
98.5612
97.0588
98.4848
97.8571
98.5401
98
99.3197
97.3333
93.8356
94.964
99.2424
97.2222
97.8571
97.3154
98.6207
96.3504
97.7273
97.0149
96.9231
96.7742
99.1667
97.3913
99.1071
98.3051
100
96.0938
97.561
99.1935
97.561
95.935
98.3051
96.2121
97.6378
96.6102
97.3684
98.2301
98.1982
95.5357
98.1308
99.0476
99.0385
95.6522
100
96.5812
95.5752
97.4359
98.2456
98.2906
94.7826
96.3636
97.1698
98.2906
98.2609
98.1651
98.1308
98.1481
99.0566
98.3193
95.7265
99.0991
100
97.5207
98.3051
98.3051
100
96.5217
99.0991
99.0654
98.1132
99.0654
98.1132
97.0588
100
100
98.9796
97.9381
100
100
97.9381
96
98.9583
98.0392
100
98.0198
98.9899
98.0769
100
99.0291
100
99.0291
97.0588
99.0741
98.1308
97.0874
99
94.4954
98.0583
97.9798
97.9381
97.9798
94.8454
95.8333
97.8261
98.8764
98.8636
97.619
98.7805
96.5116
98.7952
96.6292
100
98.8636
100
100
97.8495
99.0099
98
98.0392
100
100
100
99.0566
98.0952
97.3451
97.2727
94.4444
98.0392
96.9072
98.9362
100
100
98.9362
100
100
98.9362
95.1456
95.9184
92
97.8261
97.2222
96.1905
98.3333
97.4576
99.0476
98.0769
97.9798
98.9691
97.9798
100
98.9899
96.9388
98.9796
95.8763
100
97.9167
96.8421
97.8261
100
97.9592
96.9697
96.875
96.8421
97.8261
93.9394
94.6237
97.8723
97.8261
98.9583
96.8421
95.5056
98.8235
97.7778
98.8636
95.4023
98.7952
96.7033
96.5909
98.8506
100
99
98.9899
97.9381
94.7368
97.8022
97.7528
97.7273
100
97.9167
98.9362
98.9691
95.8333
98.9474
97.8723
98.9362
97.8495
98.9691
97.9167
98.1651
99.0654
100
96.1165
98.9691
98.9583
98.9474
96.8085
98.9691
98.9583
98.9691
100
96.2963
100
98
98.9796
97.9592
97.9167
96.9072
97.8723
100
100
98.0392
99
98.0198
98.9899
98.9362
97.8495
97.0588
91.9192
95.9596
95.7895
94.9495
98.9362
97.0588
94.9495
95.2381
93
95.1456
93.8776
94.6237
95.4545
96.7742
94.4444
94.5652
93.1034
95.2941
93.8272
92.8571
96.1538
94.186
95.0617
95
96.0526
92.5
95.9459
95.0617
94.8052
100
94.1176
95.5882
92.3077
88.4058
98.3607
96.3855
93.75
94.5205
98.5507
95.7746
97.0588
91.4286
95.3125
98.7654
95
93.1818
95.122
96
96.875
97.8495
94.5055
95.0617
97.4026
95.2941
92.5926
95.6044
95.4023
93.3333
96.4286
97.7273
96.5116
95.1923
98.9899
96.8421
97.8261
95.7895
98.9011
96.2264
98.0392
96.4602
99.0826
97
98.9691
98.374
96.6942
95.283
97.0297
93.5185
97.0297
98.2143
97.2727
92.3077
98.1481
94.0678
97.2973
96.2963
94.2308
93.913
98.1481
96.3964
96.2617
95.098
94.8454
98
96.9388
98.9474
94.6809
97
96.9072
98.7952
100
100
98.8235
97.6744
100
98.8889
94.382
97.5
98.7179
97.6471
96.3855
97.619
97.561
100
97.7011
97.6744
100
98.8764
97.7273
97.7528
96.5517
98.8095
97.5904
98.7654
98.75
96.8421
97.8261
97.0297
100
98.9691
97.9167
98.9247
100
96.5909
100
100
96.8421
99.0196
97.0297
98.1481
98.1132
97.9798
100
96.3636
99.0566
98.9899
100
96.9697
97.9167
97.1963
98.0769
98.1132
97.1154
97.9592
97.9167
97.1154
98.0198
97.1429
95.098
97.1429
96.0784
99.0654
98.1132
97.2222
95.2381
96.5217
97.2973
98.3333
95.7627
96.4602
96.3303
95.4955
98.1132
96.4602
99.0826
97.1429
99.0196
99.0196
97.0297
94.1748
98.9691
95
96.8421
92.9293
98.913
93.3333
100
92.8571
98.7179
92.7083
97.7528
95.098
97.9381
99.0196
97.0297
97.9381
98.9474
97.9167
98.9362
99.0196
100
97.0874
99
98.0769
98.0392
97.8947
100
100
97.9798
96.2264
99.0196
98.0583
100
98.0952
99.0291
97.2477
99.0566
97.2222
98.0952
96.2617
100
97.2477
98.1132
97.2477
97.1698
98.2456
100
99.0909
98.1651
98.1651
98.1308
97.4138
97.3451
95.0413
99.1304
96.5812
99.115
95.7627
100
98.1651
97.1963
99.115
98.2143
96.4286
98.1481
95.3271
98.0392
96.0396
94.8454
96.7742
97.7778
94.186
98.7654
93.9759
97.4359
94.2529
96.3415
93.1818
98.7805
90.6977
96.1538
93.9759
89.7436
93.8272
94.7368
92.6829
92.1053
93.1507
94.1176
94.3662
91.0448
94.0299
96.8254
96.5517
96.4286
97.4684
97.4026
95.5056
97.6471
97.5309
97.4684
96.7391
96.6292
98.8636
97.7011
98.8636
96.5517
97.1429
97.0588
95.7895
98.9011
96.25
97.4026
95.4545
98.8095
98.8764
98.8636
98.9011
97.7778
96.7742
99.1667
89.8148
98.9691
97.2028
99.2806
100
98.2301
98.3193
97.4359
96.8992
97.6
97.1698
97.0874
96.6667
99.1379
94.0678
99.0991
98.2759
97.3684
93.6364
98.0583
94.4954
98.0583
98.9899
96.9388
96.0396
95.8763
96.9072
95.7447
98.1132
96.1538
99.0909
95.4128
94.7826
99.0826
95.6522
97.2727
96.3303
96.1905
94.6429
99.0566
96.4912
97.2727
96.2617
97.0874
96.3964
96.2617
96.2963
98.0769
97.2973
95.3704
94.7826
99.0826
98.0769
98.0392
95
97.8947
96.8085
97.8022
95.5556
98.8372
96.5909
97.6471
96.9697
100
97.0588
96.9697
98.0198
96.9697
95.9184
100
100
98.9247
100
95.3704
99.0196
99.0099
100
96.8421
97.2727
95.3271
94.0678
94.5946
93.6842
96.6292
98.4
93.4959
96.9388
98.9474
97.7778
95.4545
96
100
96.9388
96.8421
97.8723
100
98.9583
97.8947
98.9583
98.9474
98.0392
98
97.8723
96.7391
96.1905
97.0297
93
96.7742
94.2308
97.9592
96.9697
100
99.0196
99.0099
97.1154
97.0297
95.3704
98.0583
94.9495
98.9362
94.4444
97.0588
93.1373
96.8421
98.0769
99.0196
94.2857
93.9394
94.5055
98.8372
96.9072
96.8085
95.9184
96.8085
95.7447
95.5556
92.3913
96.4706
92.0455
97.5309
94.186
95.0617
91.358
97.2973
94.9367
98.6667
97.6744
97.619
97.6471
100
97.4684
98.7013
98.8764
96.5909
96.5116
95.1807
95.6522
98.8636
96.6667
98.8506
96.7033
97.7273
97.6744
97.619
97.8723
96.7391
96.6667
97.7011
96.7391
97.7528
98.8506
98.8372
98.9583
100
97.8022
100
100
98.9796
98
97.9592
100
97.3451
93.913
99.0741
95.9016
97.4359
96.5812
97.3451
95.5752
96.2963
95.614
98.1651
96.3636
97.1698
99.1071
99.0991
98.3471
100
97.561
94.1667
99.1525
96.5812
95.9016
99.1453
98.2759
97.3684
94.7368
100
99.0566
99.0476
97.3214
99.0826
99.0909
99.0826
99.1304
100
100
100
97.4576
100
98.2609
98.2301
98.2456
99.1071
99.0991
98.1818
96.5812
100
99.187
99.1803
96.748
99.1597
99.1525
96.5812
98.2301
99.0991
97.4138
100
99.1071
97.2973
100
100
98.3051
99.1379
98.3193
98.2906
99.187
96.7213
97.5207
96.6102
98.2906
97.3913
99.1736
97.5
96.5517
97.3214
97.3684
98.1982
97.4138
98.2301
100
99.0909
97.5207
98.3051
100
98.2906
100
99.1228
97.4138
99.115
98.3333
98.3051
95.5752
99.0741
99.115
98.2143
100
100
100
99.115
99.0909
99.0826
100
100
100
99.1228
100
97.5207
99.2647
100
99.2366
100
96.1832
99.2063
97.5806
98.3471
98.4
99.187
99.187
98.3607
99.1304
100
100
100
98.5612
98.5401
98.4848
99.2308
97.6562
98.4
98.4496
98.4252
98.4252
100
98.3471
99.1597
99.187
99.1803
100
100
99.2308
98.4496
98.4496
100
96.1832
100
99.2248
99.2188
98.6301
100
97.7778
97.7273
98.4496
100
99.2366
99.2308
100
98.5507
100
98.4496
100
100
99.1667
100
99.2248
97.6562
99.2424
98.4733
98.5185
99.2481
98.4496
99.2126
99.2126
99.2063
99.1667
99.1597
98.3193
98.2906
99.0741
100
98.3193
96.5812
99.1228
100
99.1379
97.3913
97.561
98.3333
100
99.1304
100
98.2609
98.2759
100
99.1071
100
99.2806
98.5507
100
100
99.1935
99.187
99.1525
100
100
98.3471
96
100
97.6562
99.2
100
100
98.5294
99.2537
100
100
99.2063
96.8
96.4286
99.2593
99.2857
99.2806
100
97.6
100
100
100
100
97.9592
99.3056
100
100
96.6667
98.6207
97.9021
97.1429
97.1223
99.2593
97.7444
100
99.2308
100
100
97.0149
98.4127
100
100
99.1803
100
99.1935
100
100
100
100
100
98.374
96.2963
100
97.6378
99.1935
97.7778
97.7273
96.8504
100
98.374
99.1736
98.5294
100
100
97.8571
99.2188
99.2126
100
99.2593
98.4962
99.2366
97.8102
99.2537
99.2248
97.6562
98.4615
99.2188
99.2063
100
99.2248
100
100
99.2188
97.7099
100
97.6
98.3607
100
98.5185
100
99.2188
99.2366
98.4615
99.1667
99.1597
99.1803
97.5207
99.1071
98.1982
99.0909
99.0826
99.1597
98.3051
98.2759
98.2456
100
97.4138
99.115
100
100
98.1308
98.2456
99.1071
98.2301
98.1982
99.1304
98.2456
97.0874
99
99.0385
100
99.0291
100
99.1736
98.3333
98.2906
96.5217
97.2973
96.2963
97.2477
100
97.2727
99.0654
100
100
98.2456
98.2143
97.3684
100
99.1071
100
100
100
98.1132
98.0769
99.0991
98.1818
97.4138
98.2301
96.6667
98.2759
98.3051
100
99.187
100
98.4252
98.4
99.187
99.1803
97.561
100
99.187
99.1803
99.187
99.1803
98.3871
96.7213
99.1667
100
98.3871
98.3607
96.8
100
99.1736
99.1667
97.8102
98.5075
97.619
98.374
100
98.3193
100
97.479
98.2759
100
99.1736
98.3333
100
100
100
100
100
99.2308
98.4496
98.4252
100
100
99.2537
99.2481
99.2593
99.2537
100
99.2308
100
99.2126
97.6923
100
98.4615
100
99.2366
100
100
100
99.2647
99.2593
99.2806
100
100
99.2754
99.3056
100
99.2857
99.2806
99.3056
99.3007
99.2857
100
99.2806
99.2754
99.3333
99.3289
100
97.2973
98.6667
98.6486
98.6667
100
98
99.3197
99.3289
98.6486
97.3333
98.6301
99.3333
99.3289
98.6486
100
99.3056
100
99.3333
99.3289
98.6667
100
98
99.3197
99.3333
96.6443
98
100
100
99.3333
98.6667
100
100
100
100
98
98
99.3197
100
100
97.3333
100
97.3333
97.9452
97.3333
97.2603
97.2222
100
98.5915
98.5714
99.2958
100
98.6667
99.3243
99.2857
100
98.5507
97.7941
99.3333
99.3289
100
98.6577
98
98.6395
98
98.6395
95.8904
98.5714
97.3333
97.2603
99.3151
99.3103
98.6667
99.3243
99.3333
99.3289
100
98.6667
98
99.3197
100
98
100
99.3333
98.6667
96.6216
96
99.3056
96.6667
99.3103
97.3333
98.6301
98
100
98
98.6395
98.6667
99.3243
98.6667
100
98.6667
97.2973
95.3333
99.3007
97.3333
99.3151
97.3333
99.3151
100
97.3333
98.6667
98.6486
99.3333
99.3289
100
98.6667
98
100
99.3333
99.3289
98.6667
98.6486
100
98.6667
100
98.6667
97.3333
97.2603
96.6667
99.3103
98.6667
97.2973
96.6667
98.6207
98.6667
99.3243
98.6667
96.6216
98.6667
97.973
99.3103
96.5278
98
99.3197
98.6667
99.3243
99.3333
98.6577
100
98.6486
97.3333
99.3151
98
98.6395
95.9732
99.3007
98.6667
97.973
97.931
96.4789
96.6667
99.3103
98.6577
98.6395
96.6667
98.6207
98
97.9592
99.3333
99.3289
98
99.3197
99.3333
99.3289
99.3333
100
98.6667
99.3243
99.3333
97.9866
98.6667
97.973
98.6395
98.6207
100
98
98.6667
97.973
98
100
99.3333
100
100
100
100
100
100
98.6667
99.3333
99.3289
98.6486
99.3151
96
98.6111
97.3333
98.6301
98.6667
99.3243
100
95.2703
96
97.2222
98.6667
98.6486
99.3333
100
100
97.3333
98
100
100
98
98
99.3197
99.3333
99.3289
99.3333
100
100
97.3333
97.3333
99.3151
98.6667
97.2973
100
99.3151
99.3333
97.9866
99.3333
98.6577
99.3333
100
99.3333
99.3289
98.6667
99.3243
100
100
100
100
96.6667
99.3103
98.6667
99.3243
98
100
99.3333
97.9866
96
98.6111
99.3333
99.3289
100
98
99.3333
100
99.3333
97.3154
100
99.3333
98.6667
98.6486
97.3333
99.3151
99.3333
98.6577
98
99.3197
98
98.6395
98.6667
98.6486
98.6667
100
98
100
100
97.3333
99.3333
99.3289
97.3333
97.9452
100
98.6667
98
100
98
98.6395
98.6667
97.2973
98.6667
98.6486
98.6667
98.6486
97.3333
100
98
99.3197
99.3333
100
99.3333
97.9866
98
99.3197
97.9866
100
100
100
100
99.3333
100
99.3333
98.6667
98.6486
99.3333
97.9866
98
99.3197
99.3333
100
99.3333
99.3289
99.3333
99.3289
98.6667
97.2973
97.3333
100
98.6667
99.3243
96.6667
97.931
97.3333
99.3151
99.3103
98.6111
97.9167
98.5816
98.6667
98.6486
98.6014
98.5816
97.3333
99.3151
98.6667
100
97.3333
100
99.3333
99.3289
100
98.6395
98
97.9592
99.3243
98.6395
97.8261
99.2593
97.1429
99.2647
99.2754
97.8102
100
97.2028
97.0588
100
98.5915
99.2857
99.3333
97.9866
99.2958
100
99.3103
99.3056
100
99.2908
99.3103
96.5278
99.3333
100
98.6486
99.3151
99.3333
100
98.6301
100
98
99.3197
98
98.6395
98
99.3197
97.3333
97.9452
98
99.3197
100
98.6667
98.6667
97.973
97.3333
99.3151
99.3333
98.6577
99.3333
97.9866
96.6667
97.931
99.3333
98.6577
99.3333
98.6577
98
99.3197
97.3333
97.9452
99.3007
98.5915
99.3103
100
96.5517
98.5714
98
97.9592
99.3333
98.6577
100
98.6667
98.6667
100
98.6667
99.3243
99.3333
97.9866
98.6667
99.3243
97.3333
99.3151
99.3333
98.6577
97.3333
97.2603
98.6667
100
98
99.3197
99.3333
99.3289
99.3333
97.3154
98.6667
98.6486
98
98.6395
98.6667
97.973
98.6667
97.973
98.6667
97.973
97.3333
98.6301
96
98.6111
97.3333
100
97.3333
97.9452
98
98.6395
96
98.6111
98.6667
99.3243
98.6667
98.6486
98.6667
98.6486
97.3333
97.9452
97.9866
97.9452
98
98.6395
97.8723
99.2754
99.2806
99.2754
98.5915
97.8571
98.5714
97.8261
100
100
97.9167
100
99.3103
99.3056
97.2028
99.2806
97.2789
97.9021
99.3007
99.2958
96.6667
99.3103
98.6301
100
99.3333
96.6443
96.6667
99.3103
97.3333
100
98.6667
97.973
98
98.6395
94.6667
100
98.6395
99.3103
98.6667
96.6216
98.5714
99.2754
99.3333
98.6577
99.3333
97.9866
99.3333
99.3289
99.3333
97.9866
96.5035
99.2754
98.6667
97.2973
98
98.6395
99.3333
97.3154
99.3333
99.3289
100
97.2789
98.5714
97.1014
98.6667
98.6486
98.6014
97.8723
98.6667
97.2973
97.1429
99.2647
98.5612
98.5401
97.931
99.2958
97.9167
99.2908
98.5612
97.8102
96.6667
98.6207
99.2958
97.8723
99.2857
99.2806
99.3333
99.3289
97.3333
97.2603
97.8571
99.2701
99.3103
96.5278
98.5294
99.2537
100
98.4962
99.3007
99.2958
98.6111
97.1831
98.6014
98.5816
98.6667
99.3243
97.3333
98.6301
98
99.3197
99.3103
100
97.2028
99.2806
98.6301
97.2222
97.9021
98.5714
99.3197
98.6301
99.2806
99.2754
98.5185
99.2481
97.9452
98.6014
97.8571
99.2701
99.2958
98.5816
97.6923
99.2126
96.2406
97.6562
97.7273
99.2248
98.6207
100
98.5714
99.2754
98
98.6395
97.8873
97.1223
97.2222
97.8571
99.2806
98.5507
97.8417
98.5294
97.8417
98.5294
97.8417
97.7941
97.8261
98.5185
99.2857
98.5612
98.6014
97.1631
97.8417
99.2647
97.8723
98.5507
100
98.5507
97.7941
98.4962
100
97.7941
98.6014
98.5816
95.1049
99.2647
97.8102
96.2687
97.0588
96.9697
99.2537
98.4962
97.7778
99.2424
97.931
98.5915
97.2603
98.5915
98.6014
97.8723
98.6301
98.6111
100
96.4539
98
100
98.6667
99.3243
98.6667
98.6486
98.6486
96.5753
97.8417
100
97.9592
100
97.3333
99.3151
99.3333
97.3154
98.6667
97.973
97.3333
98.6301
99.3333
98.6577
99.3333
99.3289
98.6667
97.2973
98
97.2789
99.3007
98.5915
98.6667
98.6486
99.3333
98.6577
98.6667
97.2973
97.1631
98.5401
98.6207
99.3007
99.3333
99.3289
100
98
98
97.2789
98
97.2789
97.3333
98.6301
98.6667
97.973
98.6486
98.6301
98.6667
97.973
99.3333
97.9866
98
97.9592
99.3333
97.3154
97.3333
97.2603
98
97.2789
98.6667
97.973
97.3333
99.3151
99.3333
97.3154
98
97.9592
98.6667
97.2973
98.6667
99.3243
98.6667
98.6486
95.3333
99.3007
98
97.9592
100
99.3333
99.3333
98.6577
98
99.3197
98
98.6395
97.3333
99.3151
99.3333
98.6577
98
97.9592
98.6667
100
99.3333
97.3154
98
100
98
99.3197
99.3333
97.9866
97.3333
97.9452
97.3333
97.9452
98.6667
99.3243
98.6667
98.6486
97.3333
98.6301
98
97.9592
98
100
99.3333
99.3289
98
99.3197
99.3333
95.9732
96.6667
99.3103
98.6667
99.3243
98
98.6395
98
98.6395
97.3333
99.3151
99.3333
97.3154
99.3333
98.6577
99.3333
99.3289
98.6667
100
99.3333
97.3154
97.3333
100
98.6667
99.3243
98
99.3197
99.3333
99.3289
99.3333
98.6577
98
99.3197
98.6667
99.3243
98
99.3197
98.6667
100
97.3333
97.9452
97.3333
98.6301
98
99.3197
99.3333
97.9866
100
99.3333
98
97.2789
98.6667
99.3243
98.6667
98.6486
98.6667
98.6486
100
100
97.3333
100
98.6667
98.6486
98.6667
99.3243
99.3333
97.9866
98.6667
98.6486
100
98.6667
100
98
98
98.6395
98
97.2789
98.6667
100
98.6667
97.973
98
98.6395
97.3333
99.3151
97.3333
98.6301
100
98.6667
97.3333
97.2603
99.3103
97.2222
96
99.3056
99.3333
99.3289
99.3333
99.3289
98.6667
99.3243
98.6667
98.6486
96.6216
99.3007
99.3333
98.6577
98.6577
97.9592
99.3333
98.6577
98.6667
100
99.3333
99.3289
98
98.6395
97.3333
99.3151
99.3333
99.3289
97.3333
99.3151
100
96.6216
96.5278
100
100
97.3333
96.6667
99.3103
98.6667
99.3243
100
98
100
98.6667
99.3333
95.9732
98.6667
99.3243
98.6667
98.6486
97.3333
99.3151
97.3333
97.9452
98.6667
98.6486
98.6667
98.6486
98
99.3197
98.6667
98.6486
99.3333
98.6577
99.3103
100
98
100
99.3333
97.9866
98.6667
99.3243
99.3333
96.6443
98.6667
100
98.5915
98.5714
99.2958
100
98.6667
99.3243
98.6667
99.3243
98
98.6395
98
99.3197
99.3333
99.3289
98.6667
97.973
99.3333
98.6577
98
97.9592
98.6667
100
99.3333
99.3289
98.6667
97.973
100
99.3333
97.3333
97.9452
98.6667
99.3243
99.3007
98.5915
98.6667
100
100
97.3333
96
98.6111
98.6667
97.973
99.3333
99.3289
100
99.3333
98.6667
98.6486
96.5517
98.5714
97.9592
98.6111
97.3333
98.6301
99.3333
98.6577
98
97.9592
98.6667
96.6216
97.973
98.6207
96
100
97.3333
99.3151
97.3333
99.3151
98
100
98.6014
97.1631
95.9459
97.1831
96.6667
99.3103
98.6577
97.9592
96.5278
99.2806
98.5816
97.8417
98.5915
96.4286
97.1223
99.2593
98
98.6395
98.6667
99.3243
99.3056
97.2028
98.6301
96.5278
99.3333
97.3154
97.3333
98.6301
99.3103
97.9167
100
97.3333
98.6207
98.6014
98.6486
96.5753
99.3197
97.9452
97.9592
99.3056
98.6667
99.3243
98.6667
97.2973
95.3333
99.3007
98
97.9592
98
98.6395
96
97.2222
100
98
99.3197
98.6301
99.3289
98.6486
99.3333
99.3289
100
98
99.3333
97.3154
93.3333
97.8571
97.3333
97.9452
96.6443
96.5278
97.8571
96.3504
95.8904
97.1429
97.037
100
98.5294
99.2537
97.8571
97.8102
97.1631
97.8102
98.6667
97.2973
96.5986
97.8873
95.6835
97.7444
97.037
100
98.5816
97.8417
100
99.2188
97.8873
96.4029
96.3504
95.4545
97.2028
97.8417
97.7612
99.2366
96.9697
98.4375
95.8678
97.4138
96.0938
98.374
97.6378
98.3871
98.3333
98.3051
100
100
99.2188
98.4252
98.4375
100
99.2366
100
100
97.7778
100
98.5075
97.7941
99.2481
96.4539
98.5294
97.1223
100
100
96.2687
97.8102
98.5075
97.1014
97.7612
99.2806
100
96.2687
98.4496
99.2424
99.2366
98.4962
99.2366
97.037
97.7099
96.875
99.1935
96.063
98.3607
97.561
99.1667
98.4375
98.4127
98.4848
98.4615
99.2308
100
98
97.9592
97.8102
97.7612
98.5714
96.3768
99.3333
99.3289
99.2593
97.7612
98.4127
95.9677
98.3607
98.3333
99.1736
99.1667
99.187
99.1803
96.8992
98.4
97.5806
99.1736
98.4375
98.4127
97.7099
98.4375
100
97.6923
99.2366
98.4615
99.2308
98.4496
100
97.619
97.619
100
99.2
99.1935
99.2424
99.2366
97.7778
100
99.2366
98.4615
98.4252
99.2
100
100
99.2424
98.4733
99.3007
97.1831
99.2958
97.1631
99.2063
100
99.2754
99.2701
98.4615
98.4375
98.4252
97.6
96.3235
98.4733
99.2248
100
99.3243
99.3197
97.8723
99.2754
99.2481
98.4848
98.5185
97.7444
96.5517
97.8571
100
100
98.5915
97.8571
99.2754
99.2701
99.3289
98.6486
98.6667
98.6486
98.6667
99.3243
99.3151
98.6207
97.2973
97.9167
99.3103
99.3056
97.0803
97.7444
99.2366
98.4615
100
99.3333
98.6301
97.9167
99.2754
99.2701
98.4733
97.6744
99.2593
99.2537
97.7099
98.4375
100
100
100
97.2603
96
97.9167
99.2647
98.5185
98.6667
98.6486
98.6667
99.3243
98.6207
98.6014
99.3243
97.9592
99.2806
99.2754
98.4962
99.2366
99.3333
99.3289
98.5612
97.8102
99.2537
99.2481
97.6923
100
99.2593
99.2537
100
98.5294
99.2537
99.2481
99.2806
98.5507
96.9231
99.2063
99.2424
100
97.8102
97.7612
99.2647
99.2593
98.4962
99.2366
100
99.2537
99.2701
97.0588
98.4
98.374
98.4375
100
99.1935
100
100
99.187
98.4
100
100
98.3471
100
99.2126
99.2537
99.2481
99.2308
99.2248
99.2537
98.4962
96.9466
100
99.1935
99.187
100
100
99.2
99.1935
100
99.2424
99.2537
99.2481
100
99.2647
98.5294
99.2537
99.2424
100
100
98.5507
99.2857
99.2806
98.4962
100
100
97.7099
96.3768
99.2481
97.0803
100
98.5915
99.2857
98.5612
99.2701
100
100
98.5507
100
98.6667
100
99.3103
99.3056
96.6216
99.3007
99.3007
99.2958
99.2857
99.2806
97.9866
97.9452
97.931
99.2958
98
99.3197
98.6667
98.6486
100
99.3333
98.6111
100
100
99.3103
97.2789
100
99.2754
100
98.6667
100
98
98.6395
98.5714
97.8261
100
98.5816
97.2414
98.5816
99.2806
97.8261
98.6667
99.3243
98.6667
99.3243
97.2973
100
98.6667
97.2973
99.3333
98.6577
99.3333
97.3154
98.6667
98.6486
98
100
98.6667
97.973
98
98.6395
98.6667
98.6486
98.6667
98.6486
98
99.3197
97.9592
97.2222
99.3333
99.3289
99.3333
100
99.3333
98.6577
96.6667
97.931
98
99.3197
99.3333
97.9866
98.6667
98.6486
98.6667
97.973
98
100
96
98.6111
97.3333
98.6301
98
98.6395
97.3333
100
98.5294
99.2537
98.6667
98.6486
98.6667
99.3243
98.6667
99.3243
96.5753
100
97.2973
97.9167
99.3056
97.2028
98.6301
99.3056
98.6667
98.6486
96.6667
97.2414
99.3333
99.3289
98
97.2789
99.3333
97.3154
95.8904
100
99.3197
100
99.2958
99.2908
97.3333
99.3151
99.3333
97.9866
98
97.9592
98.6014
98.5816
98.5612
99.2701
97.9021
97.8571
99.3333
99.3289
99.3289
97.2973
97.9866
97.9452
96.5517
99.2857
100
97.973
100
98.6301
96
98.6111
98.6667
99.3243
97.3333
97.2603
96.6667
99.3103
98.6395
100
96.6667
100
98.6667
99.3243
98.6667
100
99.2908
99.2857
100
98.6301
98.6395
98.6207
96.6667
100
98
98.6395
95.3333
100
96.6667
100
98.6577
100
97.973
99.3103
97.9592
100
98.6667
98.6486
100
98
98.6486
98.6301
98.6301
100
97.3333
98.6301
98
97.2789
96.6667
97.931
98.6301
98.6111
97.9452
100
99.3289
99.3243
98.6667
100
99.3333
99.3289
98
100
96.6667
98.6207
98
100
100
98
98
97.9592
96.6667
99.3103
99.3333
99.3289
98.6667
100
98
100
99.3333
98.6577
98
99.3197
98.6667
100
98
98.6395
98
99.3197
97.3333
95.8904
97.3333
97.9452
99.3333
99.3289
100
99.3333
98
97.2789
98.6667
99.3243
99.3333
97.9866
98
97.9592
97.3333
98.6301
96
98.6111
95.3333
97.9021
96.6667
97.2414
96.6667
98.6207
98.6667
99.3243
96.6667
97.2414
98
99.3197
98.6667
99.3243
99.3333
99.3289
100
99.3333
98
98.6395
98.6667
99.3243
98.6667
99.3243
98.6667
96.6216
97.3333
100
98.6667
97.2973
96.6667
100
98.6667
99.3243
100
99.3333
100
98.6667
99.3333
97.9866
99.3333
98.6577
97.3333
99.3151
100
98.6667
99.3333
98.6577
100
97.3333
98
98.6395
97.3333
99.3151
100
98.6667
99.3333
98.6577
98.6667
100
98
100
99.3333
100
100
98.6667
98.6667
99.3243
98
97.9592
98.6667
99.3243
98
99.3197
97.3333
99.3151
98
98.6395
99.3333
98.6577
98.6667
100
98.6667
100
98.6667
97.973
97.3333
98.6301
96.6667
97.931
98.6667
100
97.3333
99.3151
99.3333
97.9866
99.3333
99.3289
98.6667
98.6486
98.6667
97.2973
98.6667
98.6486
98
100
99.2806
97.1014
99.3289
97.2973
97.3333
100
99.3333
99.3289
99.3333
98.6577
100
98
96.6667
99.3103
98
99.3197
100
99.3333
99.3333
97.9866
98.6395
100
100
98
97.2973
98.6111
98
97.9592
99.3333
98.6577
98
98.6395
99.3007
99.2958
100
98.6486
98.6667
99.3243
98.6667
100
100
98.6667
97.8417
98.5294
98.6014
100
98.6667
99.3243
98.6667
97.973
99.3333
100
99.3333
98.6577
99.3333
100
98.6667
100
98.6667
99.3243
100
100
99.3333
99.3289
98.6667
97.2973
99.3333
97.9866
99.3333
99.3289
98.6667
97.973
98
99.3197
100
100
100
98.6667
100
100
98.6667
100
98.6667
98.6486
98
99.3197
97.3333
100
100
97.2028
99.3333
99.3289
99.3333
100
99.3333
99.3289
100
98.6667
98.6667
99.3243
99.3333
98.6577
98
98.6395
99.3333
97.9866
98.6667
100
99.3333
98.6577
99.3333
99.3289
99.3243
97.2789
98
98.6395
98.6667
99.3243
99.3333
99.3289
99.3333
99.3289
96.6667
97.931
98.6667
99.3243
98.6667
98.6486
100
99.3333
98.6667
97.973
96.6667
99.3103
98
98.6395
98.6667
96.6216
98.6667
98.6486
98
99.3197
99.3333
99.3289
99.3333
98.6577
98.6667
99.3243
100
98
98
100
100
99.3333
98.6667
98.6486
99.3333
100
99.3333
98.6577
99.3333
98.6577
99.3333
100
99.3333
100
98.6667
99.3243
99.3333
100
99.3333
100
98.6667
100
99.3333
99.3289
100
99.3333
98
97.2789
98
97.2789
98.6667
98.6486
98
99.3197
98.6667
97.973
98
99.3197
100
100
99.3333
98.6577
100
100
100
100
100
99.3333
100
100
98
97.9592
99.3333
100
100
100
99.3333
99.3289
99.3333
100
100
98.6667
98.6667
99.3243
100
99.3333
98.6667
98.6486
99.3333
98.6577
99.3333
98.6577
99.3333
99.3289
98.6667
97.973
98
98.6395
98
98.6395
96
99.3056
99.3333
99.3289
98.6667
100
99.3333
97.9866
97.3333
97.9452
98
97.9592
97.3333
100
97.9452
97.9021
100
97.2414
95.3333
100
98
99.3197
98
99.3197
100
100
98.6667
99.3243
98
100
100
99.3289
99.3333
98.6577
98.6667
97.973
98.6667
100
99.3333
99.3289
99.3333
97.9866
98.6667
100
99.3333
99.3289
99.3333
99.3289
97.3333
98.6301
99.3333
97.3154
98
99.3197
99.3333
99.3289
99.3333
100
98.6667
100
100
98.6667
98.6667
99.3243
99.3333
97.9866
98.6667
100
99.3333
99.3289
98.6667
100
99.3333
100
98.6667
98.6486
99.3333
97.9866
100
98.6667
99.3333
99.3289
100
98.6667
100
97.3333
98
98.6395
98
99.3197
99.3333
99.3289
98.6667
98.6486
98
99.3197
98.6667
99.3243
100
98.6667
98
100
99.3333
97.9866
99.3333
98.6577
97.3333
97.2603
98
98.6395
99.3333
97.9866
98.6667
100
100
99.3333
100
99.3333
98.6667
99.3243
98.6667
100
100
100
100
100
99.3333
98.6577
97.3333
100
98.6667
100
98.6667
100
100
98
99.3333
98.6577
99.3333
98.6577
99.3333
98.6577
99.3333
98.6577
99.3333
100
98.6667
100
100
100
100
99.3333
99.3333
99.3289
97.3333
99.3151
99.3333
98.6577
99.3333
97.9866
98.6667
100
99.3333
98.6577
99.3333
99.3289
99.3333
99.3289
98.6667
98.6486
97.3333
98.6301
98.6667
97.973
99.3333
98.6577
99.3333
98.6577
100
100
98.6667
99.3243
98.6667
100
97.3333
100
100
98.6667
98.6667
99.3243
98.6667
99.3243
96.6667
98.6207
97.3333
100
99.3333
98.6577
98.6667
97.973
98
100
99.3333
98.6577
98
98.6395
98
99.3197
98.6667
98.6486
98.6667
99.3243
98.6667
100
99.3333
97.9866
99.3333
98.6577
98.6667
99.3243
99.3333
99.3289
99.3333
99.3289
99.3333
99.3289
98.6667
100
98
98.6395
98.6667
98.6486
98
100
98.6667
97.973
98
100
99.3333
98.6577
96.6667
100
99.3333
98.6577
98.6667
99.3243
100
99.3333
100
100
99.3333
98.6577
100
100
99.3333
100
96.6667
98.6207
97.3333
99.3151
96.6667
99.3103
98.6667
99.3243
98
99.3197
98.6667
98.6486
96.6667
100
99.3333
99.3289
99.3333
99.3289
98.6667
97.2973
98.6667
100
96
99.3056
98.6667
99.3243
99.3333
98.6577
98
98.6395
96
99.3056
98.6667
98.6486
98.6667
97.973
99.3333
99.3289
99.3333
98.6577
99.3333
97.3154
96
98.6111
99.3333
99.3289
98.6667
97.973
98
97.9592
99.3333
98.6577
98.6667
100
100
100
98.6667
100
100
98.6667
99.3333
99.3289
97.3333
98.6301
99.3333
97.9866
98.6667
99.3243
100
100
98
98.6395
100
99.3333
100
98.6667
99.3333
99.3289
99.3333
99.3289
99.3333
98.6577
98
97.2789
99.3333
100
100
98.6667
98.6667
98.6486
97.3333
99.3151
100
96.6667
100
100
98
98.6395
100
99.3333
99.3333
97.3154
98
100
100
99.3333
100
100
97.3333
98.6301
98.6667
98.6486
99.3333
97.9866
98
100
98.6667
100
97.3333
99.3151
98.6667
99.3243
100
98
96.6667
99.3103
98.6667
98.6486
98.6667
98.6486
98
99.3197
100
100
99.3333
98.6577
99.3333
98.6577
100
99.3333
99.3333
98.6577
98.6667
99.3243
96.6667
99.3103
99.3333
97.3154
98.6667
95.9459
95.3333
97.2028
97.3333
95.2055
98
97.9592
98
94.5578
95.2381
95
94.5946
92.8571
93.007
96.9925
91.6084
91.6031
88.4058
95.082
92.8
96.5517
94.3548
96.5812
99.2908
97.1429
96
95.8333
96.0317
95.0413
96.4286
92.5926
95.5882
95.3846
98.3607
95.8333
96.8
97.5207
94.9275
96.1832
88.6667
98.4962
96.063
95.9016
95.6522
97.7273
97.0803
93.2331
90.4
93.8053
92.1053
97.1429
95.1456
92.8571
90.7692
93.2203
84.9558
93.75
97.0874
94
88.7755
85.0575
74.3902
96.7213
81.1881
81.7073
93.2432
92.7536
97.8571
91.9708
90.411
92.4242
94.2029
73.8462
93.2203
94.5455
98.0769
98.0392
87.3333
94.6565
90
79.4872
96.0784
95.9184
95.5224
93.75
94.6667
95.0704
100
98.5507
92.9825
94.3396
97.8723
95.6522
94.7368
100
95.7447
97.7778
100
98.0769
98.0392
98
96.7742
95
96.2963
92.3077
94.6237
94.3182
92.3729
95.4128
92
93.4783
95.4545
88.0952
78.6765
100
96.4286
94.4444
96.7742
98.8889
100
100
86.4078
96.6292
98.8095
95.1807
92.7835
95.5556
90.9091
93.3333
90.9091
98.8889
96.9388
91.5789
94.3182
95.1807
96.4706
91.4634
93.9655
93.578
95.8904
95
92.0455
92.5926
92.9412
94.9367
95.0617
94.8052
92.5926
97.3333
97.479
96.5517
96.5517
98.8095
96
97.9167
98.8372
98.8235
98.4615
98.4375
98.2456
100
100
98.1818
98.1818
100
96.9697
93.75
95.7143
100
98.7805
91.358
93.9024
97.4026
97.8723
96.7391
100
100
100
100
98.8506
98.8372
95.614
94.4954
94.1176
94.7917
92.7835
94.4444
88.2353
95
96.6667
98.2759
100
98.4848
96.9697
92.1875
98.1818
98.1481
93.8462
94.2623
97.561
91.25
95.2381
91
100
96.6102
95.4545
98.4127
94.3182
96.3855
90.6667
97.7941
95.5882
100
95.7143
94.0299
94.5455
94.2308
98
97.9592
86.3636
89.4737
92.8571
98.0769
93.75
96.6667
94.0299
95.2381
70.6667
97.1698
87.8378
100
93.3333
93.5714
97.2414
97.1631
74.2647
98.0198
88
99.2424
94
92.9078
90.3226
96.4286
92.6667
90.6475
92.6667
94.2446
100
98.1481
90
95.5556
100
98.3607
98
94.5578
100
100
100
98.3051
100
100
100
96.3636
97.3333
97.9452
98.7952
96.3415
94.6667
97.1831
98.5915
100
97.0149
98.4615
100
95
90.7692
91.5254
92.9825
90.566
95.6522
95.4545
100
100
100
100
100
100
100
100
100
100
100
97.9167
100
98.3333
98.4127
98.3871
100
100
100
100
97.4684
100
100
98.4848
100
97.8947
98.7952
98.7805
95.3488
97.561
95.9596
95.7895
98.1308
96.1905
97.0874
95
89.1473
95.6522
92.381
96.9072
99.0654
98.1132
94.4444
96.0784
86.5385
96.6667
97.8022
97.7528
98.913
97.8022
99.0099
98
97.2727
100
100
99.1453
100
99.2806
99.3289
100
98
97.9592
97.3333
97.9452
96.6667
97.931
96.6667
97.931
97.8571
93.4307
98.6667
96.6216
95.082
98.2759
96.5812
98.2301
98.6667
94.5946
95.3333
97.9021
96
97.2222
96
98.6111
98.6667
100
97.2603
99.2958
99.2593
99.2537
98.5185
98.4962
99.2248
87.5
98.6667
94.5946
98
98.6395
98.6667
99.3243
99.3333
79.1946
99.1597
97.4576
99.2
95.9677
97.7612
96.1832
95.7746
94.8529
95.6522
88.6364
95.2
94.958
98.5915
97.1429
95.4887
99.2126
65.3333
97.9592
99.1228
98.2301
100
100
98.4375
99.2063
78.2609
100
100
97.0588
95.5882
96.9231
98.7952
96.3415
96.9697
95.3125
98.7805
97.5309
95.5882
96.9231
100
98.7805
72.3684
94.5455
94.8148
98.4375
99.2958
100
100
100
65.3333
100
98
97.2789
95.3333
98.6014
98.4615
98.4375
98.6667
85.8108
97.7612
98.4733
93.0769
95.8678
96.5517
95.7143
96.1832
61.1111
100
98.8372
100
98.8764
99.0291
100
100
85.4167
97.5904
100
98.1818
96.2963
98
100
100
100
98.0769
100
100
100
100
100
100
85.5072
100
99.3333
99.3333
97.3154
98.5294
97.0149
97.3333
94.5205
97.0588
93.1818
100
97.2973
99.0991
100
100
100
98.1982
100
98.1982
99.0826
99.115
100
99.0991
100
82.3009
100
99.2063
100
100
99.3151
100
99.3333
98.6667
100
100
100
100
100
98.6667
99.3243
78.6667
99.1525
100
96.6667
97.3333
96.5753
95.3333
88.1119
87.3333
93.8931
91.6084
96.9466
94.2446
96.9466
95.7143
96.2687
94.0741
69.2913
99.0196
98.0198
98.5185
99.2481
97.3333
99.3151
100
90.9091
100
98.9583
96.2617
99.0291
93.1818
98.7805
97.6562
83.2
93.9024
98.7013
97.8022
97.7528
90.5405
98.5075
97.4026
76
100
97.8417
97.9866
98.6301
99.2593
99.2537
98
85.7143
100
98.6667
98
97.2789
98
100
99.3333
92.6174
98.6667
97.2973
98.6014
99.2908
98
97.2789
98
100
56.6667
100
97.3333
98.6301
100
100
100
99.2537
69.697
100
100
100
100
97.8261
100
100
97.5
98.7179
100
96.2617
98.1132
99.0385
100
100
89.6226
100
100
100
99.3056
99.3007
98.4615
92.9688
95.4545
97.619
94.6667
97.8873
97.8261
99.2593
98.5714
97.8261
97.9452
93.007
99.2
96.7742
96.748
99.1597
100
100
99.2593
89.5522
100
100
99.3243
99.3197
100
100
99.3333
97.3154
100
99.3333
99.3333
99.3289
100
98.6667
99.3333
79.8658
100
100
99.3333
99.3289
98.6667
98.6486
92
94.2029
92.6667
94.2446
95.3333
93.7063
97.037
92.3664
97.4576
76.5217
92
98.2609
97.6378
97.5806
97.9452
98.6014
100
98.4962
78.4483
100
100
98.3607
99.0566
95.2381
98.1132
99.0385
97.0297
97.9592
95.6044
95.4023
95.1807
98.7342
100
94.5055
75.8242
98.5507
99.3333
99.3289
97.3333
99.3151
99.2308
100
72
100
98.6667
97.2973
96.6667
97.931
98.6667
93.2432
95.3333
97.2028
95.3333
97.2028
98.6667
99.3243
99.3333
97.3154
52.6667
100
100
100
100
100
100
100
99.1379
68.6957
98.5507
100
100
98.75
94.8905
99.2308
96.7391
95.5056
97.7528
98.8506
98.1651
99.0654
97.3214
99.0826
100
92.1348
99.1736
99.1667
98.6667
100
95.2381
96.6667
98.374
90.0826
96
97.2222
95.8904
98.5714
99.2188
96.8504
99.2063
90.4
100
98.7654
97.7528
95.4023
99.0099
98
99.0654
99.0566
90.3509
99.0291
100
100
100
100
100
100
100
99.3333
100
100
100
100
100
100
81.3333
100
98.6667
100
100
98
98
97.9592
98
97.2789
98.6667
100
94.6667
97.1831
90
92.5926
80.4054
100
97.4359
94.7368
95.9016
96.5812
98.3051
99.1379
78.3019
100
99.2537
99.2481
98.3607
93.3333
95.9596
95.7895
95.3271
89.2157
98.7805
98.7654
98.7805
100
96.7213
99.1525
97.8022
91.0112
100
98.8372
97.7273
98.8372
99.3333
98.6577
99.2063
58.4
95.3333
97.2028
93.3333
95.7143
88.6667
91.7293
92.6667
97.8417
97.3333
100
95.8333
98.5507
99.3243
100
97.8723
70.2899
97.6923
98.4252
100
100
97.6923
100
98.4496
87.4016
99.0654
97.1698
99.0099
95
94.5946
100
100
96.4286
85.9155
100
100
100
100
100
99.3197
99.3151
70.3704
100
100
99.3333
98
95.9184
96.6667
95.1724
86.6667
97.6923
99.1935
100
99.3333
95.302
98.6667
97.973
61.4865
98.9011
100
99.0291
100
100
100
100
92.3077
100
100
100
100
99.2188
100
100
98.3051
100
100
100
98.6667
98.6486
99.1379
100
100
97.541
100
100
100
99.3333
98.6111
97.1831
96.5035
94.2029
98
100
96
95.8333
98.4496
97.6378
97.3333
88.3562
97.6744
98.4127
98.4962
96.9466
98.2906
99.1304
99.1736
97.5
98.3051
99.1379
99.2958
97.8723
98.3607
98.3333
98.3193
96.5812
100
98.6667
99.3333
100
100
99.3333
99.3333
99.3289
70.6667
100
100
99.3333
97.8417
100
99.3333
100
99.3333
98.6577
97.2414
99.2908
95.9016
96.5812
93.662
94.7368
92.0863
96.0938
95.3333
98.6014
96.6667
96.5517
97.9452
97.9021
66.6667
98.9796
99.1453
100
100
100
97.2973
98.1481
87.2549
100
97.0588
96.9697
100
94.4444
97.2973
98.6111
98.6667
100
100
100
98.0952
88.3495
100
100
98.9247
65.2174
98.5816
97.8417
96.6667
94.4828
96
84.7222
92
71.0145
99.3333
99.3289
98
99.3197
98.6667
96.6216
97.9592
78.4722
97.8102
95.5224
99.1803
100
96.875
99.1935
99.1803
57.0248
100
100
100
100
100
100
99.0991
89.0909
100
94.1748
100
98.1481
98.7654
100
99.0196
97.0297
97.6744
95.2381
100
98.7805
99
100
98.9583
100
89.6226
98.9474
99.1935
96.748
98.374
93.3884
96.2121
97.6378
96.8504
95.935
99.1597
100
100
98.3193
100
100
94.2623
100
100
100
100
100
100
100
88
100
99.2481
99.2424
99.3333
100
100
100
99.3333
100
100
100
100
100
100
100
100
100
99.3333
99.3289
99.3333
97.3154
100
97.3333
95.3333
97.9021
96.5278
96.4029
97.8417
98.5294
98
98.6395
96.6216
97.9021
94.6309
98.5816
97.8873
98.5612
100
100
100
98.6667
99.2806
97.8261
99.3333
97.9866
100
100
99.3333
77.1812
97.7444
95.3846
97.7273
96.8992
98.2906
96.5217
99.2593
97.7612
98.1308
97.1429
98.1481
99.0566
97.3333
95.8904
95.5882
90.7692
90.3226
95.5357
93.8356
97.0803
98.6667
93.2432
82.9932
96.7213
74.6667
99.1071
98
98.6395
99.2857
98.5612
98.6667
96.6216
70
100
98
97.9592
98.2456
98.2143
99.1453
100
85.2941
97.7011
98.2301
98.1982
99.1379
99.1304
93.7984
100
72.1311
100
99.3333
100
100
100
100
100
100
93.3333
98
97.2789
95.3333
97.2028
98
97.9592
96
77.7778
98.6667
100
100
99.3333
100
98.6667
99.3333
65.7718
100
100
98.4615
96.875
100
99.3103
98.1651
99.0654
97.9381
96.8421
100
96.3415
100
99.2537
94.5205
89.8551
100
99.115
100
100
100
99.3333
100
88.6667
100
100
98.5401
95.5556
97.2222
97.1429
98.6577
95.2381
94.7761
97.6378
95.1724
98.5507
99.3333
97.3154
98
97.9592
97.931
99.2958
98.4252
99.2
97.9167
100
98.6207
100
94.3089
99.1379
100
100
100
100
100
99.3333
92.6667
99.2806
98
99.3197
99.3333
99.3289
98.6667
99.3243
82
100
98.6111
98.5915
97.3333
97.2603
95.3333
98.6014
100
95.7143
96.5517
94.2857
95.3333
95.1049
97.2028
100
97.0588
79.5455
99.0566
100
100
100
99.3333
93.9597
92.6829
93.8596
93.1034
95.0617
97.8261
99.2593
99.187
96.7213
91.3333
92.7007
93.6842
100
95.283
99.0099
93.913
98.1481
99.1453
95.6897
100
97.5806
96.8
95.8678
95.2756
94.2149
91.5888
90.8163
92.0635
87.931
94.0678
91.8919
99.2908
100
100
100
99.3197
96.5753
99.1525
97.4359
94.4
94.0678
95.7265
98.2143
97.0803
97.7444
98.4733
96.8992
99.3243
98.6395
97.8571
96.3504
92.0863
94.5312
95.3333
94.4056
90.8451
97.6744
95.5224
95.3125
97.7099
100
100
99.2126
97.7612
98.4733
94.4444
97.479
91.8919
94.8529
99.2701
92.6471
96.9231
96.0317
97.9452
99.3007
98
97.9592
96
96.5278
91.3333
90.5109
95.3333
94.4056
90
91.1111
93.7063
96.2687
100
100
97.8571
97.8102
97.3333
94.5205
96.9697
88.2812
98.2759
92.1053
94.5312
95.0413
96.2406
97.6562
98.5915
98.5714
94.6667
97.1831
93.3333
89.2857
95.4198
92.8
95.5224
92.9688
91.4894
92.2481
98.5714
98.5507
100
92.6667
98.5075
97.7273
98.4252
96
97.7778
96.2121
96.6942
91.453
98.4375
95.2381
89.3333
100
98
100
100
96.4789
89.3333
94.0299
92.6667
95.6835
94.8529
95.3488
90.6475
88.0952
85.3333
95.3125
97.619
97.561
96.0938
95.935
97.6923
100
96.875
98.3871
97.3333
98.6301
95.5882
99.2308
96.875
90.3226
95.5556
97.6744
98.5816
99.2806
97.3333
97.2603
97.3451
100
99.187
96.7213
95.7265
98.2143
98.2143
97.2727
100
98.1818
99.3243
98.6395
97.6
96.7213
94.3548
94.8718
93.4426
92.9825
96.8504
96.748
96.4286
98.5185
98.4127
100
100
100
96.6667
95.8621
96.6387
93.913
94.7368
100
94.958
100
99.0291
96.0784
96.5517
99.1071
99.0566
99.0476
98.6577
96.5986
98.3193
97.4359
94.6565
97.5806
99.0291
95.098
95.122
95.7265
97.7099
96.0938
94.3548
100
98.3193
100
100
97.3333
98.3471
95.7983
93.8596
95.3271
92.6606
92.0792
95.1923
92.9293
95.6989
96.6292
92.7273
99.0196
98.1818
100
98.1132
95.1923
88.9831
93.3333
90.2913
89.2473
92.0354
98.0769
96.4286
97.2222
96.3636
99.0566
92.4528
97.9592
100
98.1982
97.1154
97.0297
93.5897
95.8904
90
95.0617
91.5094
95.8763
94.5055
96.5116
97.3214
96.3303
100
100
97.8495
98.9011
96.1165
91.9192
90.7895
97.1014
96.6292
91.8605
93.75
97.7778
97.4359
98.2456
100
100
98.3607
97.5
96.2963
95.1923
93.4579
95
97.2477
94.3396
97.0297
91.8367
97.8947
98.9247
95.8763
98.9247
99.115
98.2143
98.0583
95.0495
95.7447
95.5556
94.958
92.9204
91.2698
95.6522
96.4912
85.4545
91.0891
98.913
97.479
99.1379
99.3289
99.3243
97.5806
95.0413
93.0693
95.7447
95.5056
92.9412
95.1456
94.898
89.1304
100
96.7391
100
100
98.8764
100
100
96
97.9167
95.7447
96.6667
91.0714
94.1176
96.4602
92.6606
97.479
96.5517
95.122
100
99.1803
99.1736
99.2126
99.2063
94.9153
94.6429
93.3333
95.9184
92.7419
98.2609
94.958
97.3451
98.3193
99.1453
96.9697
100
99.3333
93.9597
93.8931
98.374
93.8053
99.0566
93.578
94.1176
89.916
97.1963
94.3548
96.5812
99.2126
100
100
96
98.5075
99.2424
97.2973
97.2222
96.2121
96.8504
94.2623
92.1739
94.964
92.4242
89.5161
93.6937
90
84.9206
90.4412
82.9268
93.3962
96.9697
99.0826
97.2222
97.1963
91.3462
91.1765
96.7742
93.1034
99.0741
95.5752
95.3704
96.124
95.9677
88.5246
92.5926
98.1818
97.2222
96
91.6667
95.614
88.0734
88.1356
96.1538
87.3874
93.8144
86.7347
92.9412
92.5532
91.954
91.954
95
87.013
98.5075
94.1667
91.1504
92.9688
94.958
92.623
95.5752
94.0678
95.4955
85.7143
93.3333
92.8571
88.4615
89.4737
92.9412
89.1304
97.561
98.8372
97.6471
93.9024
100
90.1099
95.122
87.5
95.9184
89.7196
86.4583
94.1176
94.7917
93.5185
98.0198
97.3451
93.6364
93.0769
90.0826
98.9899
92.8571
89.2308
90.5172
88.9908
87.6289
90.9836
97.2973
97.1831
95.6522
92.7711
98.7013
92.8571
87.6923
93.1507
95.5882
98.7179
90.9091
94.3182
97.5904
94.3925
89.1089
98.1308
98.0952
94.3396
98
89.1892
94.9495
93.1373
93.6842
93.3884
91.1504
89.6907
95.4023
95.2941
93.8272
96.7742
97.7778
95.1456
98.9796
99.1525
92.3077
93.2203
96.3636
87.395
97.1154
92.3077
98.8095
97.0874
98
95.1613
94.9153
95.4545
94.4444
93.1298
95.9016
94.3089
93.1034
93.1818
89.4309
92.8
96.5517
87.3016
99.0909
94.4444
93.1373
96.6667
94.8276
93.1298
95.082
96.5517
98.2143
98.3333
99.1525
98.3871
95.9016
99.2366
96.9231
96.8254
97.541
97.0803
99.2481
97.9021
97.8571
96.6667
100
90.5405
99.2537
96
97.9167
100
100
98
100
99.2701
100
99.3333
100
100
100
99.3333
100
100
100
100
100
100
100
100
100
98.6667
100
100
100
99.3333
99.3289
100
99.3333
100
100
100
